2.100000e+00   -1.673192e+00   8.870536e-01   6.231853e-01   2.412512e-01
2.103030e+00   -1.673033e+00   8.867941e-01   6.246912e-01   2.427388e-01
2.106061e+00   -1.670759e+00   8.853250e-01   6.135568e-01   2.432946e-01
2.109091e+00   -1.664531e+00   8.820462e-01   6.744722e-01   2.903592e-01
2.112121e+00   -1.663017e+00   8.816023e-01   7.561965e-01   3.155739e-01
2.115152e+00   -1.657781e+00   8.790962e-01   8.486078e-01   3.623884e-01
2.118182e+00   -1.657829e+00   8.789315e-01   8.532699e-01   3.640284e-01
2.121212e+00   -1.652450e+00   8.759114e-01   8.062307e-01   3.238306e-01
2.124242e+00   -1.651929e+00   8.760531e-01   7.280011e-01   2.985583e-01
2.127273e+00   -1.650693e+00   8.756094e-01   7.000578e-01   2.920425e-01
2.130303e+00   -1.653161e+00   8.774460e-01   6.330209e-01   2.494809e-01
2.133333e+00   -1.649387e+00   8.758854e-01   6.294456e-01   2.613595e-01
2.136364e+00   -1.647176e+00   8.751614e-01   6.394188e-01   2.652727e-01
2.139394e+00   -1.642408e+00   8.726634e-01   6.483862e-01   2.709423e-01
2.142424e+00   -1.640064e+00   8.718238e-01   6.637734e-01   2.742741e-01
2.145455e+00   -1.639357e+00   8.720917e-01   7.233820e-01   3.041530e-01
2.148485e+00   -1.634709e+00   8.701563e-01   7.218716e-01   3.031428e-01
2.151515e+00   -1.629452e+00   8.674318e-01   8.190855e-01   3.447113e-01
2.154545e+00   -1.627334e+00   8.665398e-01   7.569488e-01   3.124864e-01
2.157576e+00   -1.621359e+00   8.632997e-01   7.263673e-01   3.091494e-01
2.160606e+00   -1.619517e+00   8.626669e-01   7.051560e-01   3.044268e-01
2.163636e+00   -1.617717e+00   8.618470e-01   6.920463e-01   2.922745e-01
2.166667e+00   -1.619646e+00   8.633389e-01   6.422713e-01   2.432470e-01
2.169697e+00   -1.618476e+00   8.630078e-01   5.964275e-01   2.280824e-01
2.172727e+00   -1.604581e+00   8.534634e-01   7.212592e-01   3.614798e-01
2.175758e+00   -1.607331e+00   8.556990e-01   6.631023e-01   3.271885e-01
2.178788e+00   -1.605925e+00   8.550869e-01   6.704381e-01   3.369762e-01
2.181818e+00   -1.603880e+00   8.547971e-01   6.846949e-01   3.556311e-01
2.184848e+00   -1.597689e+00   8.504859e-01   7.663193e-01   4.418277e-01
2.187879e+00   -1.596399e+00   8.499474e-01   7.787227e-01   4.421196e-01
2.190909e+00   -1.595941e+00   8.496800e-01   7.839233e-01   4.675924e-01
2.193939e+00   -1.599675e+00   8.518021e-01   8.176952e-01   5.022586e-01
2.196970e+00   -1.598187e+00   8.513935e-01   8.251240e-01   5.014959e-01
2.200000e+00   -1.605407e+00   8.586685e-01   7.151938e-01   3.105103e-01
2.203030e+00   -1.602492e+00   8.568969e-01   7.077634e-01   3.232872e-01
2.206061e+00   -1.601419e+00   8.565024e-01   6.799337e-01   3.108633e-01
2.209091e+00   -1.596968e+00   8.541624e-01   7.069048e-01   3.393392e-01
2.212121e+00   -1.592835e+00   8.525339e-01   7.568294e-01   3.543889e-01
2.215152e+00   -1.586383e+00   8.494802e-01   6.637616e-01   2.485516e-01
2.218182e+00   -1.579351e+00   8.461438e-01   7.840909e-01   3.093311e-01
2.221212e+00   -1.575433e+00   8.435025e-01   7.590660e-01   2.884682e-01
2.224242e+00   -1.574329e+00   8.431861e-01   7.838917e-01   2.956791e-01
2.227273e+00   -1.573514e+00   8.427550e-01   7.868201e-01   3.056972e-01
2.230303e+00   -1.572216e+00   8.424252e-01   7.820544e-01   2.943703e-01
2.233333e+00   -1.569082e+00   8.412638e-01   8.531180e-01   3.355908e-01
2.236364e+00   -1.568077e+00   8.411957e-01   8.019605e-01   3.114063e-01
2.239394e+00   -1.564810e+00   8.397261e-01   7.367532e-01   2.983795e-01
2.242424e+00   -1.563439e+00   8.393735e-01   7.136208e-01   2.967074e-01
2.245455e+00   -1.560013e+00   8.378638e-01   7.851915e-01   3.569762e-01
2.248485e+00   -1.557227e+00   8.370294e-01   7.732016e-01   3.608177e-01
2.251515e+00   -1.548351e+00   8.328993e-01   8.619562e-01   3.998206e-01
2.254545e+00   -1.545332e+00   8.319431e-01   1.003229e+00   4.958330e-01
2.257576e+00   -1.542331e+00   8.309745e-01   1.015253e+00   5.038423e-01
2.260606e+00   -1.540509e+00   8.300072e-01   1.053552e+00   5.470337e-01
2.263636e+00   -1.536765e+00   8.288847e-01   1.045333e+00   5.274849e-01
2.266667e+00   -1.538793e+00   8.299993e-01   9.376185e-01   4.768434e-01
2.269697e+00   -1.535948e+00   8.287287e-01   9.279118e-01   4.748667e-01
2.272727e+00   -1.536793e+00   8.294321e-01   1.021938e+00   5.068867e-01
2.275758e+00   -1.541398e+00   8.320808e-01   8.628019e-01   3.934978e-01
2.278788e+00   -1.537545e+00   8.301555e-01   8.771798e-01   3.846727e-01
2.281818e+00   -1.537308e+00   8.302661e-01   8.749207e-01   3.897849e-01
2.284848e+00   -1.537937e+00   8.307466e-01   9.540177e-01   4.408604e-01
2.287879e+00   -1.533806e+00   8.292908e-01   9.137017e-01   4.053678e-01
2.290909e+00   -1.532491e+00   8.286166e-01   8.270255e-01   3.631183e-01
2.293939e+00   -1.531949e+00   8.286494e-01   8.113067e-01   3.597497e-01
2.296970e+00   -1.525463e+00   8.243534e-01   8.703882e-01   4.259935e-01
2.300000e+00   -1.517640e+00   8.192304e-01   1.071718e+00   5.902036e-01
2.303030e+00   -1.511329e+00   8.163290e-01   9.941218e-01   5.778216e-01
2.306061e+00   -1.507272e+00   8.142004e-01   9.694299e-01   5.607286e-01
2.309091e+00   -1.503079e+00   8.127875e-01   1.024327e+00   5.742560e-01
2.312121e+00   -1.502071e+00   8.126915e-01   1.009566e+00   5.805147e-01
2.315152e+00   -1.500674e+00   8.123095e-01   1.008836e+00   5.814415e-01
2.318182e+00   -1.493511e+00   8.086257e-01   9.931715e-01   5.648054e-01
2.321212e+00   -1.488631e+00   8.066193e-01   9.931900e-01   5.779421e-01
2.324242e+00   -1.489685e+00   8.071408e-01   9.044019e-01   4.928354e-01
2.327273e+00   -1.488355e+00   8.065981e-01   9.129139e-01   4.977617e-01
2.330303e+00   -1.482496e+00   8.040734e-01   1.034850e+00   5.806548e-01
2.333333e+00   -1.479205e+00   8.021043e-01   9.194181e-01   5.075595e-01
2.336364e+00   -1.478516e+00   8.014796e-01   9.702421e-01   5.274127e-01
2.339394e+00   -1.472628e+00   7.987867e-01   1.037503e+00   5.626034e-01
2.342424e+00   -1.466379e+00   7.953130e-01   1.045473e+00   6.266300e-01
2.345455e+00   -1.468566e+00   7.979140e-01   9.581711e-01   5.298792e-01
2.348485e+00   -1.468561e+00   7.989287e-01   8.099077e-01   4.268316e-01
2.351515e+00   -1.464505e+00   7.968974e-01   8.895380e-01   4.932412e-01
2.354545e+00   -1.459848e+00   7.948028e-01   9.347651e-01   5.329129e-01
2.357576e+00   -1.455020e+00   7.922041e-01   9.687939e-01   5.677583e-01
2.360606e+00   -1.450216e+00   7.902584e-01   8.514691e-01   5.335094e-01
2.363636e+00   -1.445288e+00   7.883536e-01   9.381430e-01   5.733845e-01
2.366667e+00   -1.443340e+00   7.870018e-01   9.865243e-01   6.447745e-01
2.369697e+00   -1.441734e+00   7.876409e-01   1.093130e+00   7.089174e-01
2.372727e+00   -1.431366e+00   7.820513e-01   1.224825e+00   7.899955e-01
2.375758e+00   -1.431479e+00   7.821322e-01   1.168440e+00   7.597204e-01
2.378788e+00   -1.441333e+00   7.885724e-01   1.309019e+00   7.338829e-01
2.381818e+00   -1.448922e+00   7.946290e-01   1.315484e+00   7.445598e-01
2.384848e+00   -1.448102e+00   7.941825e-01   1.302072e+00   7.678623e-01
2.387879e+00   -1.448056e+00   7.945136e-01   1.299129e+00   7.216978e-01
2.390909e+00   -1.434613e+00   7.880321e-01   1.169051e+00   6.865014e-01
2.393939e+00   -1.425624e+00   7.833406e-01   1.032150e+00   6.182899e-01
2.396970e+00   -1.423127e+00   7.821588e-01   1.070622e+00   6.213512e-01
2.400000e+00   -1.424407e+00   7.835313e-01   1.367967e+00   7.538521e-01
