2.1000000000e+00   -1.6378125848e+00   8.6527817787e-01   5.7129326172e+01   4.2614712375e+01
2.1030303030e+00   -1.6358405141e+00   8.6449823858e-01   5.6129291628e+01   4.1727938413e+01
2.1060606061e+00   -1.6342236569e+00   8.6390784203e-01   5.5837975326e+01   4.1676241381e+01
2.1090909091e+00   -1.6318073563e+00   8.6293243371e-01   5.5826248398e+01   4.1733006830e+01
2.1121212121e+00   -1.6301259362e+00   8.6232997259e-01   5.5825689337e+01   4.1895018939e+01
2.1151515152e+00   -1.6291085092e+00   8.6210406904e-01   5.4971088342e+01   4.1015649108e+01
2.1181818182e+00   -1.6265197425e+00   8.6091433665e-01   5.5522584813e+01   4.1711076863e+01
2.1212121212e+00   -1.6252006177e+00   8.6063268995e-01   5.4987490568e+01   4.1212416940e+01
2.1242424242e+00   -1.6230616264e+00   8.5985191086e-01   5.4607761730e+01   4.1081551594e+01
2.1272727273e+00   -1.6227178774e+00   8.6018845259e-01   5.4401596324e+01   4.1127951427e+01
2.1303030303e+00   -1.6209647338e+00   8.5953497259e-01   5.4353387024e+01   4.1216178131e+01
2.1333333333e+00   -1.6192737068e+00   8.5904403939e-01   5.3684154597e+01   4.0845677240e+01
2.1363636364e+00   -1.6165181511e+00   8.5767776487e-01   5.3499321150e+01   4.0889769925e+01
2.1393939394e+00   -1.6143332597e+00   8.5668617401e-01   5.2973003423e+01   4.0527666609e+01
2.1424242424e+00   -1.6111768824e+00   8.5541012345e-01   5.2692255236e+01   4.0294377653e+01
2.1454545455e+00   -1.6086177957e+00   8.5440142355e-01   5.2465056311e+01   4.0398253444e+01
2.1484848485e+00   -1.6058715293e+00   8.5349024589e-01   5.1971284097e+01   3.9728315775e+01
2.1515151515e+00   -1.6017110778e+00   8.5150048487e-01   5.2317873929e+01   4.0350690499e+01
2.1545454545e+00   -1.5979859334e+00   8.4990580386e-01   5.2370042096e+01   4.0157231531e+01
2.1575757576e+00   -1.5961545543e+00   8.4942902152e-01   5.1643522969e+01   3.9602789012e+01
2.1606060606e+00   -1.5945948589e+00   8.4906738071e-01   5.1626705839e+01   3.9520157075e+01
2.1636363636e+00   -1.5925401775e+00   8.4814855533e-01   5.1523006394e+01   3.9504484971e+01
2.1666666667e+00   -1.5904485884e+00   8.4724187147e-01   5.0981400998e+01   3.9285510105e+01
2.1696969697e+00   -1.5884187111e+00   8.4660144609e-01   5.0226328517e+01   3.8598491069e+01
2.1727272727e+00   -1.5858921048e+00   8.4584824162e-01   4.9795924451e+01   3.8425471616e+01
2.1757575758e+00   -1.5847340130e+00   8.4548805096e-01   4.9370413144e+01   3.7914379740e+01
2.1787878788e+00   -1.5812225551e+00   8.4398607797e-01   4.8724487717e+01   3.7497049930e+01
2.1818181818e+00   -1.5779292646e+00   8.4262198416e-01   4.8048764076e+01   3.7153036983e+01
2.1848484848e+00   -1.5755702713e+00   8.4165372426e-01   4.7681658563e+01   3.6793890302e+01
2.1878787879e+00   -1.5740763683e+00   8.4103949787e-01   4.7460713379e+01   3.6656369948e+01
2.1909090909e+00   -1.5710976682e+00   8.3933575959e-01   4.7147829677e+01   3.6483327299e+01
2.1939393939e+00   -1.5686150761e+00   8.3824078701e-01   4.6788814472e+01   3.6167908811e+01
2.1969696970e+00   -1.5649832979e+00   8.3646416142e-01   4.6567949211e+01   3.6049748831e+01
2.2000000000e+00   -1.5614039216e+00   8.3458911046e-01   4.6103901309e+01   3.5777995837e+01
2.2030303030e+00   -1.5576767635e+00   8.3267692629e-01   4.5949628334e+01   3.5856249444e+01
2.2060606061e+00   -1.5553634684e+00   8.3172752325e-01   4.5486471378e+01   3.5544752960e+01
2.2090909091e+00   -1.5534949299e+00   8.3096328914e-01   4.4983019167e+01   3.5355602691e+01
2.2121212121e+00   -1.5502012333e+00   8.2963326193e-01   4.4217735943e+01   3.4720177663e+01
2.2151515152e+00   -1.5478603923e+00   8.2860793990e-01   4.3846868168e+01   3.4504515957e+01
2.2181818182e+00   -1.5444999533e+00   8.2720278193e-01   4.3294487289e+01   3.3980381217e+01
2.2212121212e+00   -1.5426810384e+00   8.2657134924e-01   4.3382748687e+01   3.4131959103e+01
2.2242424242e+00   -1.5407003135e+00   8.2583245340e-01   4.3315114431e+01   3.3955958755e+01
2.2272727273e+00   -1.5386728792e+00   8.2529213299e-01   4.3495532545e+01   3.3730631551e+01
2.2303030303e+00   -1.5345414376e+00   8.2324928812e-01   4.2879534124e+01   3.3327141889e+01
2.2333333333e+00   -1.5315169096e+00   8.2184158924e-01   4.2336873632e+01   3.2857473063e+01
2.2363636364e+00   -1.5284879472e+00   8.2038646721e-01   4.1990356896e+01   3.2736867380e+01
2.2393939394e+00   -1.5254671919e+00   8.1909337421e-01   4.1917735620e+01   3.2874451527e+01
2.2424242424e+00   -1.5219631492e+00   8.1728796305e-01   4.1941954520e+01   3.2944047997e+01
2.2454545455e+00   -1.5197002753e+00   8.1659357645e-01   4.1505170230e+01   3.2431473470e+01
2.2484848485e+00   -1.5171946575e+00   8.1543088020e-01   4.1301877324e+01   3.2225999945e+01
2.2515151515e+00   -1.5139717507e+00   8.1416449015e-01   4.0806632191e+01   3.2023394394e+01
2.2545454545e+00   -1.5099500467e+00   8.1232851188e-01   4.0240122379e+01   3.1537353691e+01
2.2575757576e+00   -1.5080995943e+00   8.1179028914e-01   4.0205992197e+01   3.1598149957e+01
2.2606060606e+00   -1.5044903647e+00   8.1012465604e-01   3.9740392296e+01   3.1374148597e+01
2.2636363636e+00   -1.5033500191e+00   8.0985616914e-01   3.9718696459e+01   3.1368327390e+01
2.2666666667e+00   -1.4999909161e+00   8.0815606030e-01   3.9363022862e+01   3.1209933729e+01
2.2696969697e+00   -1.4974410571e+00   8.0720004609e-01   3.8926446874e+01   3.0875008783e+01
2.2727272727e+00   -1.4955504605e+00   8.0688692020e-01   3.8785426256e+01   3.0743936892e+01
2.2757575758e+00   -1.4924334636e+00   8.0548939797e-01   3.8887378626e+01   3.0862541783e+01
2.2787878788e+00   -1.4896497714e+00   8.0415995411e-01   3.8669800122e+01   3.0797170887e+01
2.2818181818e+00   -1.4872962510e+00   8.0300826822e-01   3.7779471036e+01   3.0183899167e+01
2.2848484848e+00   -1.4847277222e+00   8.0184588244e-01   3.7727959684e+01   3.0273367154e+01
2.2878787879e+00   -1.4805013588e+00   8.0004235898e-01   3.7499472726e+01   3.0157474679e+01
2.2909090909e+00   -1.4766394063e+00   7.9815057076e-01   3.7353901679e+01   3.0154860287e+01
2.2939393939e+00   -1.4729817503e+00   7.9629169401e-01   3.7448059386e+01   3.0395801409e+01
2.2969696970e+00   -1.4696217750e+00   7.9471057726e-01   3.6947352588e+01   3.0109625239e+01
2.3000000000e+00   -1.4676108179e+00   7.9387753645e-01   3.6432033607e+01   2.9761773889e+01
2.3030303030e+00   -1.4654526973e+00   7.9282195107e-01   3.5945138749e+01   2.9460223222e+01
2.3060606061e+00   -1.4632753011e+00   7.9204687695e-01   3.5645156363e+01   2.9111546666e+01
2.3090909091e+00   -1.4611799923e+00   7.9133339350e-01   3.5393365831e+01   2.8939614061e+01
2.3121212121e+00   -1.4571951963e+00   7.8929841909e-01   3.4889843454e+01   2.8676526262e+01
2.3151515152e+00   -1.4568314989e+00   7.8921092162e-01   3.4761219364e+01   2.8524792679e+01
2.3181818182e+00   -1.4540785304e+00   7.8823850964e-01   3.4392873172e+01   2.8339116241e+01
2.3212121212e+00   -1.4510886124e+00   7.8690932365e-01   3.4018203894e+01   2.7871703691e+01
2.3242424242e+00   -1.4474997381e+00   7.8511588041e-01   3.3714075148e+01   2.7624823306e+01
2.3272727273e+00   -1.4448580796e+00   7.8391049036e-01   3.3682271521e+01   2.7631055143e+01
2.3303030303e+00   -1.4420356284e+00   7.8275588690e-01   3.2880021598e+01   2.7217814271e+01
2.3333333333e+00   -1.4409536950e+00   7.8199778904e-01   3.2892852075e+01   2.7164493614e+01
2.3363636364e+00   -1.4368878956e+00   7.7994275553e-01   3.2413885901e+01   2.6751449817e+01
2.3393939394e+00   -1.4346136849e+00   7.7933308244e-01   3.2476331109e+01   2.6935193691e+01
2.3424242424e+00   -1.4340120694e+00   7.7933756061e-01   3.2621545814e+01   2.7073538084e+01
2.3454545455e+00   -1.4301002006e+00   7.7735678640e-01   3.2201199250e+01   2.6767893892e+01
2.3484848485e+00   -1.4266887513e+00   7.7555432345e-01   3.1675227425e+01   2.6406317753e+01
2.3515151515e+00   -1.4247142160e+00   7.7499266843e-01   3.1382436064e+01   2.6364802903e+01
2.3545454545e+00   -1.4229325251e+00   7.7481187716e-01   3.1068578453e+01   2.6092297758e+01
2.3575757576e+00   -1.4210322197e+00   7.7420142193e-01   3.0785299909e+01   2.6029303893e+01
2.3606060606e+00   -1.4179597868e+00   7.7252711391e-01   3.0453791093e+01   2.5804313649e+01
2.3636363636e+00   -1.4159870055e+00   7.7169169503e-01   3.0267805156e+01   2.5655833814e+01
2.3666666667e+00   -1.4131974774e+00   7.7026364772e-01   3.0065691528e+01   2.5537991519e+01
2.3696969697e+00   -1.4127065551e+00   7.7029333645e-01   3.0225085913e+01   2.5768956120e+01
2.3727272727e+00   -1.4086597803e+00   7.6837781827e-01   2.9845932234e+01   2.5480775841e+01
2.3757575758e+00   -1.4050806619e+00   7.6622094173e-01   2.9431399478e+01   2.5202995106e+01
2.3787878788e+00   -1.4023247610e+00   7.6503438964e-01   2.8939585811e+01   2.4864273405e+01
2.3818181818e+00   -1.3996448134e+00   7.6387101320e-01   2.8583534035e+01   2.4690367790e+01
2.3848484848e+00   -1.3963232394e+00   7.6239736223e-01   2.8039343975e+01   2.4305472643e+01
2.3878787879e+00   -1.3933458717e+00   7.6138489543e-01   2.7407253146e+01   2.3922137632e+01
2.3909090909e+00   -1.3907547375e+00   7.6017456792e-01   2.7024375635e+01   2.3660120768e+01
2.3939393939e+00   -1.3876102331e+00   7.5860657746e-01   2.6702227004e+01   2.3456930736e+01
2.3969696970e+00   -1.3847488248e+00   7.5683047655e-01   2.6665807784e+01   2.3408850224e+01
2.4000000000e+00   -1.3804640556e+00   7.5480946558e-01   2.5923111006e+01   2.2919015624e+01
