2.100000e+00   -1.661625e+00   8.675667e-01   9.950927e-01   1.043226e+00
2.103030e+00   -1.657766e+00   8.652362e-01   1.008502e+00   1.009055e+00
2.106061e+00   -1.653575e+00   8.645625e-01   1.107762e+00   8.769494e-01
2.109091e+00   -1.649091e+00   8.616527e-01   1.177863e+00   9.824750e-01
2.112121e+00   -1.649201e+00   8.652504e-01   1.164039e+00   7.628126e-01
2.115152e+00   -1.644328e+00   8.614331e-01   1.154821e+00   8.815914e-01
2.118182e+00   -1.644243e+00   8.619905e-01   1.059495e+00   7.704197e-01
2.121212e+00   -1.639480e+00   8.594302e-01   1.020376e+00   7.387343e-01
2.124242e+00   -1.636586e+00   8.575351e-01   1.066191e+00   7.861609e-01
2.127273e+00   -1.630894e+00   8.518797e-01   1.032438e+00   7.682744e-01
2.130303e+00   -1.629442e+00   8.516132e-01   1.017295e+00   7.736251e-01
2.133333e+00   -1.625859e+00   8.494995e-01   1.000002e+00   7.672028e-01
2.136364e+00   -1.620704e+00   8.457733e-01   1.060548e+00   8.684163e-01
2.139394e+00   -1.618870e+00   8.457613e-01   1.082008e+00   8.257304e-01
2.142424e+00   -1.613265e+00   8.401844e-01   1.208675e+00   1.216955e+00
2.145455e+00   -1.615081e+00   8.441420e-01   1.179362e+00   1.069393e+00
2.148485e+00   -1.612126e+00   8.430041e-01   1.098279e+00   9.311220e-01
2.151515e+00   -1.613564e+00   8.466310e-01   1.069206e+00   7.344105e-01
2.154545e+00   -1.598646e+00   8.277792e-01   1.223445e+00   1.227137e+00
2.157576e+00   -1.604235e+00   8.388102e-01   1.171906e+00   9.663248e-01
2.160606e+00   -1.592703e+00   8.261493e-01   1.295282e+00   1.421164e+00
2.163636e+00   -1.592286e+00   8.273739e-01   1.194827e+00   1.171386e+00
2.166667e+00   -1.589076e+00   8.252251e-01   1.396653e+00   1.653536e+00
2.169697e+00   -1.590233e+00   8.282141e-01   1.397635e+00   1.584512e+00
2.172727e+00   -1.590261e+00   8.305689e-01   1.362654e+00   1.534645e+00
2.175758e+00   -1.574574e+00   8.065461e-01   1.279263e+00   2.156360e+00
2.178788e+00   -1.576029e+00   8.118494e-01   1.443577e+00   2.470138e+00
2.181818e+00   -1.574710e+00   8.130097e-01   1.398559e+00   2.343675e+00
2.184848e+00   -1.572634e+00   8.165695e-01   1.318122e+00   1.488596e+00
2.187879e+00   -1.570343e+00   8.155769e-01   1.275041e+00   1.512225e+00
2.190909e+00   -1.568288e+00   8.154870e-01   1.363425e+00   1.744845e+00
2.193939e+00   -1.562610e+00   8.096483e-01   1.495645e+00   2.481656e+00
2.196970e+00   -1.544185e+00   7.797101e-01   1.365680e+00   2.635299e+00
2.200000e+00   -1.547738e+00   7.815715e-01   1.449402e+00   6.690367e+00
2.203030e+00   -1.557586e+00   8.100240e-01   1.353899e+00   1.938799e+00
2.206061e+00   -1.536945e+00   7.759599e-01   1.573185e+00   5.796462e+00
2.209091e+00   -1.545100e+00   7.944402e-01   1.405090e+00   2.626680e+00
2.212121e+00   -1.545094e+00   7.966683e-01   1.374996e+00   2.131437e+00
2.215152e+00   -1.542134e+00   7.968718e-01   1.600716e+00   3.401254e+00
2.218182e+00   -1.517552e+00   7.524639e-01   1.530240e+00   5.016030e+00
2.221212e+00   -1.529847e+00   7.862074e-01   1.570010e+00   3.135219e+00
2.224242e+00   -1.525183e+00   7.786290e-01   1.520908e+00   3.264571e+00
2.227273e+00   -1.512446e+00   7.570794e-01   1.588493e+00   4.877502e+00
2.230303e+00   -1.501069e+00   7.313917e-01   1.534142e+00   5.866485e+00
2.233333e+00   -1.512535e+00   7.716828e-01   1.532780e+00   2.652063e+00
2.236364e+00   -1.511684e+00   7.750434e-01   1.111994e+00   1.506839e+00
2.239394e+00   -1.505816e+00   7.708714e-01   1.192659e+00   1.600346e+00
2.242424e+00   -1.498496e+00   7.575284e-01   1.396203e+00   2.651959e+00
2.245455e+00   -1.489336e+00   7.458060e-01   1.483762e+00   3.602951e+00
2.248485e+00   -1.499732e+00   7.681337e-01   1.277774e+00   1.928047e+00
2.251515e+00   -1.488683e+00   7.570903e-01   1.188412e+00   1.763118e+00
2.254545e+00   -1.478034e+00   7.398121e-01   1.507150e+00   3.690990e+00
2.257576e+00   -1.468990e+00   7.176752e-01   1.671553e+00   5.777615e+00
2.260606e+00   -1.432091e+00   6.613108e-01   1.919543e+00   6.976650e+00
2.263636e+00   -1.364835e+00   3.099825e-01   1.433652e+00   5.270108e+01
2.266667e+00   -1.460188e+00   7.261326e-01   1.829792e+00   4.799999e+00
2.269697e+00   -1.428578e+00   6.263901e-01   1.465548e+00   9.051437e+00
2.272727e+00   -1.449412e+00   7.073010e-01   1.281264e+00   1.938637e+00
2.275758e+00   -1.433688e+00   6.822076e-01   1.530074e+00   5.385053e+00
2.278788e+00   -1.435685e+00   7.000533e-01   1.798745e+00   4.911095e+00
2.281818e+00   -1.430764e+00   6.978433e-01   1.142084e+00   2.627424e+00
2.284848e+00   -1.414690e+00   6.449982e-01   1.880761e+00   1.399049e+01
2.287879e+00   -1.402163e+00   6.530826e-01   1.215347e+00   3.440248e+00
2.290909e+00   -1.376089e+00   5.651021e-01   1.294192e+00   1.312937e+01
2.293939e+00   -1.396533e+00   6.151433e-01   2.369503e+00   1.948123e+01
2.296970e+00   -1.349836e+00   4.371959e-01   1.586223e+00   3.643285e+01
2.300000e+00   -1.364023e+00   5.308008e-01   2.264634e+00   1.761136e+01
2.303030e+00   -1.409592e+00   6.788864e-01   1.507584e+00   3.249620e+00
2.306061e+00   -1.407328e+00   6.679248e-01   1.239118e+00   5.419065e+00
2.309091e+00   -1.334373e+00   4.666503e-01   1.077095e+00   8.496688e+00
2.312121e+00   -1.349018e+00   5.120370e-01   1.483231e+00   4.023732e+00
2.315152e+00   -1.363696e+00   5.730252e-01   1.569873e+00   6.513212e+00
2.318182e+00   -1.321617e+00   3.158657e-01   1.243072e+00   4.639733e+00
2.321212e+00   -1.349352e+00   5.228294e-01   1.034931e+00   4.945012e+00
2.324242e+00   -1.394224e+00   6.702041e-01   1.703331e+00   5.947300e+00
2.327273e+00   -1.353567e+00   5.731306e-01   1.426457e+00   6.540648e+00
2.330303e+00   -1.338883e+00   5.540372e-01   1.428386e+00   9.303995e+00
2.333333e+00   -1.365708e+00   6.072891e-01   1.353171e+00   3.719937e+00
2.336364e+00   -1.304892e+00   4.113158e-01   1.186845e+00   1.140778e+01
2.339394e+00   -1.333233e+00   5.149964e-01   2.520919e+00   3.368651e+01
2.342424e+00   -1.277655e+00   2.481876e-01   1.190588e+00   2.435983e+01
2.345455e+00   -1.327916e+00   5.478148e-01   1.451857e+00   9.252309e+00
2.348485e+00   -1.280727e+00   2.371407e-01   1.066841e+00   5.422573e+01
2.351515e+00   -1.300253e+00   3.544579e-01   1.355049e+00   2.061687e+01
2.354545e+00   -1.266654e+00   1.861426e-01   9.977446e-01   4.065598e+01
2.357576e+00   -1.272260e+00   3.721615e-01   9.197743e-01   6.958454e+00
2.360606e+00   -1.267935e+00   3.348136e-01   1.332737e+00   5.871616e+00
2.363636e+00   -1.266870e+00   3.799194e-01   1.397129e+00   1.676085e+01
2.366667e+00   -1.248168e+00   3.493091e-01   2.302605e+00   5.374331e+01
2.369697e+00   -1.232929e+00   7.037284e-02   9.019330e-01   7.866616e+00
2.372727e+00   -1.241936e+00   1.870827e-01   1.203238e+00   2.974955e+01
2.375758e+00   -1.223331e+00   2.199961e-01   1.143194e+00   1.942684e+01
2.378788e+00   -1.224919e+00   1.856958e-01   1.085373e+00   1.420520e+01
2.381818e+00   -1.262022e+00   4.164723e-01   1.795500e+00   2.843375e+01
2.384848e+00   -1.208144e+00   8.616714e-02   1.205165e+00   5.775053e+00
2.387879e+00   -1.183389e+00   9.409867e-02   7.436548e-01   5.696977e+00
2.390909e+00   -1.204249e+00   1.133577e-01   9.823121e-01   7.326311e+00
2.393939e+00   -1.210764e+00   2.199659e-01   1.079152e+00   1.608478e+01
2.396970e+00   -1.221509e+00   2.039073e-01   1.282957e+00   1.377167e+01
2.400000e+00   -1.214781e+00   2.509172e-01   1.095508e+00   1.915687e+01
