   0.0100   0.0100
   0.0100   0.0100
   0.0067   0.0117
   0.0025   0.0138
        0   0.0160
  -0.0017   0.0167
  -0.0057   0.0179
  -0.0088   0.0181
  -0.0111   0.0178
  -0.0130   0.0170
  -0.0145   0.0164
  -0.0158   0.0158
  -0.0185   0.0150
  -0.0214   0.0146
  -0.0240   0.0143
  -0.0275   0.0138
  -0.0306   0.0132
  -0.0333   0.0125
  -0.0358   0.0121
  -0.0380   0.0118
  -0.0400   0.0112
  -0.0414   0.0109
  -0.0426   0.0109
  -0.0442   0.0106
  -0.0456   0.0104
  -0.0473   0.0100
  -0.0489   0.0098
  -0.0504   0.0096
  -0.0514   0.0093
  -0.0523   0.0090
  -0.0532   0.0087
  -0.0538   0.0086
  -0.0545   0.0083
  -0.0553   0.0081
  -0.0563   0.0080
  -0.0572   0.0078
  -0.0581   0.0077
  -0.0589   0.0076
  -0.0597   0.0076
  -0.0603   0.0074
  -0.0607   0.0073
  -0.0612   0.0073
  -0.0616   0.0072
  -0.0620   0.0072
  -0.0624   0.0072
  -0.0628   0.0074
  -0.0632   0.0076
  -0.0635   0.0076
  -0.0639   0.0076
  -0.0644   0.0076
  -0.0649   0.0076
  -0.0652   0.0076
  -0.0655   0.0076
  -0.0659   0.0078
  -0.0662   0.0078
  -0.0664   0.0079
  -0.0667   0.0080
  -0.0669   0.0081
  -0.0671   0.0082
  -0.0673   0.0083
  -0.0675   0.0083
  -0.0677   0.0083
  -0.0679   0.0083
  -0.0681   0.0082
  -0.0682   0.0082
  -0.0682   0.0083
  -0.0682   0.0084
  -0.0682   0.0086
  -0.0683   0.0088
  -0.0683   0.0089
  -0.0683   0.0091
  -0.0683   0.0092
  -0.0682   0.0093
  -0.0681   0.0093
  -0.0679   0.0093
  -0.0676   0.0092
  -0.0675   0.0092
  -0.0674   0.0092
  -0.0673   0.0092
  -0.0673   0.0093
  -0.0672   0.0092
  -0.0671   0.0091
  -0.0671   0.0090
  -0.0671   0.0090
  -0.0672   0.0089
  -0.0673   0.0090
  -0.0674   0.0090
  -0.0674   0.0091
  -0.0674   0.0092
  -0.0674   0.0093
  -0.0675   0.0094
  -0.0675   0.0095
  -0.0675   0.0095
  -0.0676   0.0096
  -0.0676   0.0096
  -0.0676   0.0097
  -0.0678   0.0097
  -0.0681   0.0097
  -0.0683   0.0098
  -0.0685   0.0099
  -0.0688   0.0100
  -0.0691   0.0100
  -0.0695   0.0102
  -0.0699   0.0103
  -0.0703   0.0105
  -0.0707   0.0106
  -0.0710   0.0107
  -0.0714   0.0109
  -0.0717   0.0110
  -0.0721   0.0110
  -0.0724   0.0111
  -0.0728   0.0112
  -0.0731   0.0113
  -0.0734   0.0114
  -0.0737   0.0115
  -0.0741   0.0116
  -0.0744   0.0118
  -0.0747   0.0119
  -0.0750   0.0121
  -0.0752   0.0123
  -0.0755   0.0124
  -0.0758   0.0126
  -0.0761   0.0128
  -0.0764   0.0129
  -0.0766   0.0131
  -0.0769   0.0133
  -0.0772   0.0135
  -0.0776   0.0137
  -0.0779   0.0140
  -0.0782   0.0143
  -0.0784   0.0145
  -0.0786   0.0147
  -0.0789   0.0150
  -0.0791   0.0152
  -0.0793   0.0154
  -0.0796   0.0157
  -0.0799   0.0159
  -0.0802   0.0161
  -0.0805   0.0163
  -0.0808   0.0166
  -0.0811   0.0168
  -0.0813   0.0170
  -0.0816   0.0173
  -0.0819   0.0175
  -0.0821   0.0177
  -0.0824   0.0179
  -0.0827   0.0181
  -0.0829   0.0182
  -0.0831   0.0184
  -0.0833   0.0185
  -0.0834   0.0186
  -0.0835   0.0187
  -0.0836   0.0188
  -0.0838   0.0189
  -0.0839   0.0190
  -0.0841   0.0191
  -0.0843   0.0193
  -0.0844   0.0194
  -0.0846   0.0196
  -0.0847   0.0197
  -0.0849   0.0199
  -0.0851   0.0200
  -0.0853   0.0202
  -0.0855   0.0203
  -0.0857   0.0205
  -0.0859   0.0207
  -0.0861   0.0208
  -0.0863   0.0210
  -0.0864   0.0211
  -0.0866   0.0213
  -0.0867   0.0214
  -0.0869   0.0215
  -0.0871   0.0216
  -0.0874   0.0218
  -0.0876   0.0219
  -0.0879   0.0221
  -0.0881   0.0223
  -0.0884   0.0225
  -0.0888   0.0227
  -0.0891   0.0229
  -0.0894   0.0231
  -0.0897   0.0234
  -0.0899   0.0235
  -0.0902   0.0237
  -0.0905   0.0238
  -0.0909   0.0240
  -0.0912   0.0242
  -0.0915   0.0243
  -0.0918   0.0245
  -0.0921   0.0246
  -0.0924   0.0247
  -0.0927   0.0248
  -0.0931   0.0249
  -0.0936   0.0251
  -0.0941   0.0252
  -0.0946   0.0254
  -0.0951   0.0256
  -0.0956   0.0258
  -0.0960   0.0259
  -0.0965   0.0260
  -0.0970   0.0262
  -0.0974   0.0263
  -0.0979   0.0265
  -0.0984   0.0266
  -0.0989   0.0267
  -0.0994   0.0269
  -0.1000   0.0271
  -0.1006   0.0273
  -0.1012   0.0275
  -0.1018   0.0276
  -0.1023   0.0278
  -0.1029   0.0280
  -0.1035   0.0282
  -0.1041   0.0284
  -0.1047   0.0286
  -0.1053   0.0288
  -0.1059   0.0290
  -0.1064   0.0292
  -0.1070   0.0294
  -0.1075   0.0296
  -0.1081   0.0298
  -0.1086   0.0300
  -0.1092   0.0302
  -0.1097   0.0303
  -0.1103   0.0305
  -0.1109   0.0306
  -0.1115   0.0308
  -0.1120   0.0310
  -0.1126   0.0311
  -0.1131   0.0312
  -0.1137   0.0314
  -0.1142   0.0315
  -0.1148   0.0317
  -0.1154   0.0318
  -0.1160   0.0319
  -0.1166   0.0321
  -0.1172   0.0322
  -0.1179   0.0324
  -0.1186   0.0325
  -0.1193   0.0327
  -0.1201   0.0328
  -0.1208   0.0330
  -0.1216   0.0331
  -0.1223   0.0333
  -0.1229   0.0334
  -0.1236   0.0336
  -0.1243   0.0337
  -0.1250   0.0339
  -0.1257   0.0340
  -0.1264   0.0341
  -0.1272   0.0343
  -0.1279   0.0344
  -0.1286   0.0346
  -0.1293   0.0348
  -0.1300   0.0349
  -0.1307   0.0351
  -0.1314   0.0352
  -0.1321   0.0354
  -0.1329   0.0356
  -0.1337   0.0357
  -0.1344   0.0359
  -0.1352   0.0361
  -0.1359   0.0362
  -0.1366   0.0364
  -0.1374   0.0366
  -0.1381   0.0368
  -0.1388   0.0369
  -0.1395   0.0371
  -0.1401   0.0373
  -0.1408   0.0375
  -0.1415   0.0377
  -0.1422   0.0379
  -0.1429   0.0381
  -0.1436   0.0383
  -0.1444   0.0385
  -0.1451   0.0387
  -0.1458   0.0390
  -0.1466   0.0392
  -0.1474   0.0394
  -0.1481   0.0397
  -0.1489   0.0399
  -0.1496   0.0401
  -0.1504   0.0404
  -0.1511   0.0406
  -0.1519   0.0408
  -0.1526   0.0411
  -0.1533   0.0413
  -0.1540   0.0416
  -0.1547   0.0418
  -0.1554   0.0420
  -0.1561   0.0423
  -0.1568   0.0425
  -0.1575   0.0427
  -0.1583   0.0430
  -0.1590   0.0432
  -0.1598   0.0434
  -0.1605   0.0436
  -0.1612   0.0438
  -0.1620   0.0440
  -0.1627   0.0442
  -0.1634   0.0444
  -0.1641   0.0446
  -0.1648   0.0448
  -0.1655   0.0450
  -0.1662   0.0452
  -0.1669   0.0453
  -0.1676   0.0455
  -0.1683   0.0457
  -0.1690   0.0459
  -0.1696   0.0461
  -0.1704   0.0463
  -0.1711   0.0465
  -0.1718   0.0467
  -0.1725   0.0469
  -0.1731   0.0471
  -0.1738   0.0473
  -0.1745   0.0475
  -0.1752   0.0477
  -0.1759   0.0479
  -0.1767   0.0481
  -0.1774   0.0483
  -0.1781   0.0485
  -0.1788   0.0487
  -0.1795   0.0488
  -0.1802   0.0490
  -0.1810   0.0491
  -0.1817   0.0493
  -0.1823   0.0494
  -0.1830   0.0496
  -0.1837   0.0497
  -0.1844   0.0499
  -0.1851   0.0500
  -0.1858   0.0502
  -0.1864   0.0503
  -0.1871   0.0504
  -0.1878   0.0505
  -0.1884   0.0506
  -0.1891   0.0508
  -0.1899   0.0509
  -0.1906   0.0511
  -0.1913   0.0513
  -0.1920   0.0515
  -0.1927   0.0516
  -0.1934   0.0518
  -0.1941   0.0520
  -0.1948   0.0522
  -0.1956   0.0524
  -0.1963   0.0527
  -0.1970   0.0529
  -0.1977   0.0531
  -0.1985   0.0533
  -0.1992   0.0535
  -0.1999   0.0538
  -0.2005   0.0540
  -0.2012   0.0542
  -0.2019   0.0545
  -0.2025   0.0547
  -0.2033   0.0549
  -0.2040   0.0552
  -0.2047   0.0554
  -0.2054   0.0556
  -0.2061   0.0559
  -0.2067   0.0561
  -0.2074   0.0563
  -0.2081   0.0565
  -0.2087   0.0568
  -0.2094   0.0570
  -0.2101   0.0572
  -0.2107   0.0574
  -0.2114   0.0576
  -0.2120   0.0578
  -0.2126   0.0580
  -0.2133   0.0582
  -0.2139   0.0584
  -0.2145   0.0585
  -0.2152   0.0587
  -0.2158   0.0589
  -0.2164   0.0591
  -0.2170   0.0593
  -0.2177   0.0595
  -0.2183   0.0598
  -0.2189   0.0600
  -0.2196   0.0602
  -0.2202   0.0604
  -0.2208   0.0606
  -0.2214   0.0609
  -0.2220   0.0611
  -0.2227   0.0613
  -0.2233   0.0616
  -0.2239   0.0618
  -0.2245   0.0620
  -0.2251   0.0621
  -0.2256   0.0623
  -0.2262   0.0625
  -0.2268   0.0627
  -0.2274   0.0629
  -0.2280   0.0631
  -0.2287   0.0632
  -0.2293   0.0634
  -0.2300   0.0636
  -0.2306   0.0637
  -0.2313   0.0638
  -0.2319   0.0640
  -0.2326   0.0641
  -0.2332   0.0643
  -0.2338   0.0644
  -0.2345   0.0646
  -0.2351   0.0647
  -0.2357   0.0648
  -0.2363   0.0650
  -0.2370   0.0651
  -0.2376   0.0653
  -0.2382   0.0654
  -0.2389   0.0656
  -0.2395   0.0658
  -0.2402   0.0660
  -0.2409   0.0662
  -0.2415   0.0664
  -0.2422   0.0666
  -0.2429   0.0668
  -0.2436   0.0670
  -0.2443   0.0672
  -0.2449   0.0674
  -0.2456   0.0677
  -0.2462   0.0679
  -0.2469   0.0681
  -0.2476   0.0683
  -0.2482   0.0685
  -0.2489   0.0688
  -0.2496   0.0690
  -0.2502   0.0692
  -0.2509   0.0694
  -0.2515   0.0696
  -0.2521   0.0699
  -0.2527   0.0701
  -0.2533   0.0703
  -0.2538   0.0705
  -0.2544   0.0708
  -0.2550   0.0710
  -0.2556   0.0712
  -0.2562   0.0715
  -0.2567   0.0717
  -0.2574   0.0720
  -0.2580   0.0722
  -0.2586   0.0724
  -0.2592   0.0726
  -0.2598   0.0728
  -0.2604   0.0730
  -0.2610   0.0732
  -0.2615   0.0734
  -0.2621   0.0736
  -0.2626   0.0738
  -0.2632   0.0739
  -0.2637   0.0741
  -0.2642   0.0743
  -0.2647   0.0745
  -0.2652   0.0747
  -0.2657   0.0748
  -0.2661   0.0750
  -0.2666   0.0752
  -0.2670   0.0753
  -0.2675   0.0755
  -0.2680   0.0756
  -0.2684   0.0758
  -0.2689   0.0759
  -0.2693   0.0761
  -0.2698   0.0762
  -0.2702   0.0763
  -0.2707   0.0765
  -0.2711   0.0766
  -0.2716   0.0768
  -0.2721   0.0769
  -0.2725   0.0770
  -0.2730   0.0772
  -0.2734   0.0773
  -0.2739   0.0774
  -0.2744   0.0776
  -0.2748   0.0777
  -0.2753   0.0779
  -0.2758   0.0780
  -0.2762   0.0782
  -0.2767   0.0783
  -0.2772   0.0784
  -0.2776   0.0786
  -0.2780   0.0787
  -0.2785   0.0789
  -0.2789   0.0790
  -0.2793   0.0792
  -0.2798   0.0793
  -0.2802   0.0795
  -0.2806   0.0796
  -0.2811   0.0798
  -0.2815   0.0799
  -0.2819   0.0801
  -0.2824   0.0803
  -0.2828   0.0804
  -0.2832   0.0805
  -0.2837   0.0807
  -0.2841   0.0808
  -0.2845   0.0810
  -0.2850   0.0812
  -0.2854   0.0813
  -0.2858   0.0815
  -0.2862   0.0816
  -0.2867   0.0818
  -0.2871   0.0819
  -0.2875   0.0821
  -0.2879   0.0823
  -0.2883   0.0824
  -0.2887   0.0826
  -0.2892   0.0827
  -0.2896   0.0829
  -0.2900   0.0831
  -0.2904   0.0832
  -0.2908   0.0834
  -0.2912   0.0835
  -0.2916   0.0837
  -0.2921   0.0839
  -0.2925   0.0840
  -0.2929   0.0841
  -0.2933   0.0843
  -0.2937   0.0844
  -0.2941   0.0846
  -0.2946   0.0847
  -0.2950   0.0849
  -0.2954   0.0850
  -0.2958   0.0852
  -0.2962   0.0853
  -0.2966   0.0855
  -0.2970   0.0856
  -0.2974   0.0858
  -0.2979   0.0859
  -0.2983   0.0861
  -0.2987   0.0863
  -0.2992   0.0865
  -0.2996   0.0867
  -0.3001   0.0868
  -0.3005   0.0870
  -0.3010   0.0872
  -0.3014   0.0874
  -0.3019   0.0875
  -0.3023   0.0877
  -0.3028   0.0879
  -0.3032   0.0881
  -0.3037   0.0883
  -0.3041   0.0884
  -0.3045   0.0886
  -0.3050   0.0888
  -0.3054   0.0890
  -0.3058   0.0892
  -0.3062   0.0895
  -0.3067   0.0897
  -0.3071   0.0899
  -0.3076   0.0902
  -0.3080   0.0904
  -0.3084   0.0906
  -0.3088   0.0908
  -0.3092   0.0910
  -0.3096   0.0912
  -0.3100   0.0914
  -0.3104   0.0916
  -0.3108   0.0919
  -0.3112   0.0921
  -0.3116   0.0923
  -0.3120   0.0925
  -0.3124   0.0927
  -0.3128   0.0929
  -0.3132   0.0931
  -0.3136   0.0933
  -0.3140   0.0935
  -0.3144   0.0937
  -0.3148   0.0939
  -0.3152   0.0941
  -0.3156   0.0943
  -0.3161   0.0945
  -0.3165   0.0947
  -0.3169   0.0949
  -0.3173   0.0951
  -0.3177   0.0953
  -0.3181   0.0955
  -0.3185   0.0957
  -0.3188   0.0959
  -0.3192   0.0960
  -0.3196   0.0962
  -0.3200   0.0964
  -0.3203   0.0966
  -0.3207   0.0968
  -0.3211   0.0970
  -0.3215   0.0972
  -0.3218   0.0974
  -0.3222   0.0976
  -0.3226   0.0978
  -0.3230   0.0980
  -0.3233   0.0981
  -0.3236   0.0983
  -0.3240   0.0985
  -0.3243   0.0987
  -0.3246   0.0989
  -0.3250   0.0991
  -0.3253   0.0993
  -0.3256   0.0994
  -0.3259   0.0996
  -0.3263   0.0998
  -0.3266   0.1000
  -0.3269   0.1002
  -0.3272   0.1004
  -0.3275   0.1006
  -0.3278   0.1008
  -0.3282   0.1010
  -0.3285   0.1012
  -0.3288   0.1014
  -0.3291   0.1016
  -0.3295   0.1018
  -0.3298   0.1020
  -0.3301   0.1022
  -0.3304   0.1024
  -0.3307   0.1026
  -0.3311   0.1028
  -0.3314   0.1031
  -0.3317   0.1033
  -0.3320   0.1034
  -0.3323   0.1036
  -0.3327   0.1038
  -0.3330   0.1040
  -0.3333   0.1042
  -0.3336   0.1044
  -0.3339   0.1045
  -0.3342   0.1047
  -0.3345   0.1049
  -0.3348   0.1051
  -0.3351   0.1052
  -0.3354   0.1054
  -0.3357   0.1056
  -0.3359   0.1058
  -0.3362   0.1060
  -0.3365   0.1062
  -0.3368   0.1064
  -0.3370   0.1066
  -0.3373   0.1068
  -0.3376   0.1070
  -0.3378   0.1072
  -0.3381   0.1074
  -0.3384   0.1076
  -0.3387   0.1078
  -0.3390   0.1080
  -0.3393   0.1083
  -0.3395   0.1085
  -0.3398   0.1087
  -0.3400   0.1089
  -0.3403   0.1091
  -0.3406   0.1093
  -0.3408   0.1095
  -0.3411   0.1097
  -0.3413   0.1099
  -0.3416   0.1101
  -0.3418   0.1103
  -0.3421   0.1105
  -0.3423   0.1107
  -0.3425   0.1109
  -0.3428   0.1111
  -0.3430   0.1113
  -0.3433   0.1116
  -0.3435   0.1118
  -0.3437   0.1120
  -0.3440   0.1122
  -0.3442   0.1124
  -0.3445   0.1127
  -0.3447   0.1129
  -0.3450   0.1131
  -0.3452   0.1133
  -0.3455   0.1136
  -0.3457   0.1138
  -0.3460   0.1140
  -0.3462   0.1143
  -0.3465   0.1145
  -0.3468   0.1147
  -0.3470   0.1150
  -0.3473   0.1152
  -0.3476   0.1154
  -0.3479   0.1157
  -0.3481   0.1159
  -0.3484   0.1162
  -0.3487   0.1164
  -0.3490   0.1166
  -0.3492   0.1169
  -0.3495   0.1172
  -0.3498   0.1174
  -0.3501   0.1177
  -0.3504   0.1179
  -0.3507   0.1182
  -0.3510   0.1185
  -0.3513   0.1187
  -0.3516   0.1190
  -0.3519   0.1192
  -0.3522   0.1195
  -0.3525   0.1197
  -0.3528   0.1200
  -0.3531   0.1202
  -0.3534   0.1205
  -0.3537   0.1207
  -0.3540   0.1209
  -0.3543   0.1212
  -0.3545   0.1214
  -0.3548   0.1216
  -0.3551   0.1219
  -0.3554   0.1221
  -0.3556   0.1223
  -0.3559   0.1225
  -0.3562   0.1228
  -0.3565   0.1230
  -0.3567   0.1232
  -0.3570   0.1234
  -0.3573   0.1236
  -0.3575   0.1239
  -0.3578   0.1241
  -0.3580   0.1243
  -0.3583   0.1245
  -0.3585   0.1247
  -0.3588   0.1250
  -0.3590   0.1252
  -0.3592   0.1254
  -0.3595   0.1256
  -0.3597   0.1258
  -0.3599   0.1260
  -0.3602   0.1263
  -0.3604   0.1265
  -0.3606   0.1267
  -0.3609   0.1269
  -0.3611   0.1271
  -0.3614   0.1273
  -0.3616   0.1275
  -0.3618   0.1278
  -0.3621   0.1280
  -0.3623   0.1282
  -0.3626   0.1284
  -0.3628   0.1286
  -0.3631   0.1288
  -0.3633   0.1291
  -0.3636   0.1293
  -0.3639   0.1295
  -0.3642   0.1297
  -0.3645   0.1300
  -0.3647   0.1302
  -0.3650   0.1304
  -0.3653   0.1307
  -0.3656   0.1309
  -0.3659   0.1312
  -0.3661   0.1314
  -0.3664   0.1317
  -0.3667   0.1319
  -0.3670   0.1322
  -0.3673   0.1324
  -0.3676   0.1327
  -0.3679   0.1329
  -0.3682   0.1332
  -0.3685   0.1334
  -0.3688   0.1337
  -0.3691   0.1340
  -0.3694   0.1342
  -0.3697   0.1345
  -0.3700   0.1348
  -0.3703   0.1350
  -0.3706   0.1352
  -0.3709   0.1355
  -0.3711   0.1357
  -0.3714   0.1360
  -0.3717   0.1362
  -0.3720   0.1365
  -0.3723   0.1367
  -0.3726   0.1369
  -0.3729   0.1372
  -0.3732   0.1374
  -0.3735   0.1376
  -0.3738   0.1379
  -0.3741   0.1381
  -0.3743   0.1384
  -0.3746   0.1386
  -0.3749   0.1388
  -0.3752   0.1391
  -0.3754   0.1393
  -0.3757   0.1395
  -0.3760   0.1398
  -0.3763   0.1400
  -0.3765   0.1402
  -0.3768   0.1405
  -0.3771   0.1407
  -0.3774   0.1409
  -0.3776   0.1411
  -0.3779   0.1414
  -0.3782   0.1416
  -0.3785   0.1419
  -0.3787   0.1421
  -0.3790   0.1423
  -0.3793   0.1426
  -0.3795   0.1428
  -0.3798   0.1430
  -0.3801   0.1433
  -0.3803   0.1435
  -0.3806   0.1437
  -0.3809   0.1440
  -0.3812   0.1442
  -0.3814   0.1444
  -0.3817   0.1447
  -0.3820   0.1449
  -0.3822   0.1451
  -0.3825   0.1454
  -0.3828   0.1456
  -0.3830   0.1458
  -0.3833   0.1460
  -0.3835   0.1462
  -0.3837   0.1464
  -0.3840   0.1466
  -0.3842   0.1468
  -0.3845   0.1470
  -0.3848   0.1472
  -0.3850   0.1474
  -0.3853   0.1476
  -0.3856   0.1478
  -0.3859   0.1481
  -0.3861   0.1482
  -0.3864   0.1485
  -0.3866   0.1487
  -0.3869   0.1489
  -0.3872   0.1491
  -0.3874   0.1493
  -0.3877   0.1495
  -0.3880   0.1497
  -0.3882   0.1499
  -0.3885   0.1501
  -0.3888   0.1503
  -0.3890   0.1505
  -0.3893   0.1507
  -0.3896   0.1509
  -0.3898   0.1510
  -0.3901   0.1512
  -0.3904   0.1514
  -0.3906   0.1516
  -0.3909   0.1518
  -0.3912   0.1520
  -0.3914   0.1522
  -0.3917   0.1524
  -0.3919   0.1526
  -0.3922   0.1528
  -0.3924   0.1529
  -0.3927   0.1531
  -0.3929   0.1533
  -0.3931   0.1535
  -0.3934   0.1537
  -0.3936   0.1539
  -0.3938   0.1541
  -0.3941   0.1543
  -0.3943   0.1544
  -0.3945   0.1546
  -0.3947   0.1548
  -0.3950   0.1550
  -0.3952   0.1552
  -0.3955   0.1554
  -0.3957   0.1556
  -0.3959   0.1558
  -0.3962   0.1560
  -0.3964   0.1562
  -0.3967   0.1565
  -0.3970   0.1567
  -0.3972   0.1569
  -0.3975   0.1571
  -0.3978   0.1573
  -0.3980   0.1575
  -0.3983   0.1578
  -0.3985   0.1580
  -0.3988   0.1582
  -0.3990   0.1584
  -0.3993   0.1586
  -0.3995   0.1588
  -0.3998   0.1590
  -0.4000   0.1593
  -0.4003   0.1595
  -0.4006   0.1597
  -0.4008   0.1599
  -0.4011   0.1601
  -0.4013   0.1604
  -0.4016   0.1606
  -0.4019   0.1608
  -0.4021   0.1610
  -0.4024   0.1612
  -0.4026   0.1614
  -0.4029   0.1617
  -0.4031   0.1619
  -0.4034   0.1621
  -0.4036   0.1623
  -0.4039   0.1625
  -0.4041   0.1627
  -0.4043   0.1629
  -0.4046   0.1631
  -0.4048   0.1633
  -0.4050   0.1635
  -0.4053   0.1637
  -0.4055   0.1639
  -0.4057   0.1641
  -0.4059   0.1643
  -0.4062   0.1645
  -0.4064   0.1647
  -0.4066   0.1649
  -0.4068   0.1651
  -0.4071   0.1653
  -0.4073   0.1655
  -0.4075   0.1657
  -0.4078   0.1659
  -0.4080   0.1661
  -0.4083   0.1663
  -0.4085   0.1665
  -0.4087   0.1667
  -0.4089   0.1669
  -0.4092   0.1671
  -0.4094   0.1673
  -0.4096   0.1675
  -0.4099   0.1677
  -0.4101   0.1679
  -0.4103   0.1680
  -0.4106   0.1682
  -0.4108   0.1684
  -0.4110   0.1686
  -0.4112   0.1688
  -0.4115   0.1690
  -0.4117   0.1692
  -0.4119   0.1694
  -0.4121   0.1696
  -0.4123   0.1698
  -0.4125   0.1699
  -0.4127   0.1701
  -0.4130   0.1703
  -0.4132   0.1706
  -0.4134   0.1708
  -0.4136   0.1710
  -0.4138   0.1711
  -0.4140   0.1713
  -0.4142   0.1715
  -0.4144   0.1717
  -0.4146   0.1719
  -0.4148   0.1721
  -0.4150   0.1723
  -0.4152   0.1725
  -0.4154   0.1726
  -0.4156   0.1728
  -0.4158   0.1730
  -0.4160   0.1732
  -0.4161   0.1733
  -0.4163   0.1735
  -0.4165   0.1737
  -0.4166   0.1738
  -0.4168   0.1740
  -0.4170   0.1742
  -0.4171   0.1743
  -0.4173   0.1745
  -0.4175   0.1746
  -0.4176   0.1748
  -0.4178   0.1749
  -0.4180   0.1751
  -0.4181   0.1752
  -0.4183   0.1754
  -0.4185   0.1755
  -0.4187   0.1757
  -0.4188   0.1759
  -0.4190   0.1760
  -0.4192   0.1762
  -0.4194   0.1763
  -0.4196   0.1765
  -0.4198   0.1767
  -0.4200   0.1768
  -0.4201   0.1770
  -0.4203   0.1771
  -0.4205   0.1773
  -0.4207   0.1774
  -0.4209   0.1776
  -0.4210   0.1777
  -0.4212   0.1779
  -0.4213   0.1780
  -0.4215   0.1781
  -0.4216   0.1783
  -0.4218   0.1784
  -0.4220   0.1786
  -0.4221   0.1787
  -0.4223   0.1789
  -0.4225   0.1790
  -0.4227   0.1792
  -0.4229   0.1793
  -0.4231   0.1795
  -0.4233   0.1796
  -0.4235   0.1798
  -0.4237   0.1799
  -0.4239   0.1801
  -0.4241   0.1802
  -0.4243   0.1804
  -0.4246   0.1806
  -0.4248   0.1807
  -0.4250   0.1809
  -0.4252   0.1810
  -0.4255   0.1812
  -0.4257   0.1814
  -0.4259   0.1815
  -0.4262   0.1817

