  -2.0000   1.0000
  -2.0000   1.0000
  -2.0000   1.0000
  -2.0000   1.0000
  -2.0000   1.0000
  -1.9967   0.9992
  -1.9914   0.9979
  -1.9875   0.9969
  -1.9844   0.9961
  -1.9820   0.9955
  -1.9800   0.9950
  -1.9783   0.9946
  -1.9769   0.9942
  -1.9757   0.9939
  -1.9747   0.9937
  -1.9738   0.9934
  -1.9729   0.9932
  -1.9722   0.9931
  -1.9716   0.9929
  -1.9710   0.9927
  -1.9705   0.9926
  -1.9700   0.9925
  -1.9696   0.9924
  -1.9692   0.9923
  -1.9688   0.9922
  -1.9685   0.9921
  -1.9681   0.9920
  -1.9679   0.9920
  -1.9669   0.9917
  -1.9660   0.9915
  -1.9652   0.9913
  -1.9644   0.9911
  -1.9636   0.9909
  -1.9629   0.9907
  -1.9623   0.9906
  -1.9617   0.9904
  -1.9611   0.9903
  -1.9605   0.9901
  -1.9600   0.9900
  -1.9595   0.9899
  -1.9590   0.9898
  -1.9586   0.9896
  -1.9581   0.9895
  -1.9577   0.9894
  -1.9573   0.9893
  -1.9570   0.9892
  -1.9566   0.9891
  -1.9562   0.9891
  -1.9559   0.9890
  -1.9556   0.9889
  -1.9553   0.9888
  -1.9550   0.9887
  -1.9547   0.9887
  -1.9544   0.9886
  -1.9542   0.9885
  -1.9539   0.9885
  -1.9537   0.9884
  -1.9534   0.9884
  -1.9532   0.9883
  -1.9530   0.9882
  -1.9528   0.9882
  -1.9526   0.9881
  -1.9524   0.9881
  -1.9522   0.9880
  -1.9520   0.9880
  -1.9518   0.9880
  -1.9516   0.9879
  -1.9515   0.9879
  -1.9513   0.9878
  -1.9511   0.9878
  -1.9510   0.9877
  -1.9508   0.9877
  -1.9507   0.9877
  -1.9505   0.9876
  -1.9504   0.9876
  -1.9503   0.9876
  -1.9501   0.9875
  -1.9500   0.9875
  -1.9499   0.9875
  -1.9497   0.9874
  -1.9496   0.9874
  -1.9495   0.9874
  -1.9494   0.9873
  -1.9493   0.9873
  -1.9492   0.9873
  -1.9491   0.9873
  -1.9487   0.9872
  -1.9484   0.9871
  -1.9481   0.9870
  -1.9478   0.9869
  -1.9475   0.9869
  -1.9472   0.9868
  -1.9469   0.9867
  -1.9466   0.9866
  -1.9461   0.9865
  -1.9456   0.9864
  -1.9452   0.9863
  -1.9449   0.9862
  -1.9446   0.9862
  -1.9444   0.9861
  -1.9442   0.9860
  -1.9439   0.9860
  -1.9437   0.9859
  -1.9435   0.9859
  -1.9432   0.9858
  -1.9430   0.9858
  -1.9428   0.9857
  -1.9426   0.9856
  -1.9422   0.9856
  -1.9418   0.9855
  -1.9414   0.9854
  -1.9411   0.9853
  -1.9407   0.9852
  -1.9404   0.9851
  -1.9400   0.9850
  -1.9397   0.9849
  -1.9393   0.9848
  -1.9389   0.9847
  -1.9385   0.9846
  -1.9381   0.9845
  -1.9377   0.9843
  -1.9373   0.9842
  -1.9369   0.9841
  -1.9365   0.9840
  -1.9362   0.9839
  -1.9358   0.9838
  -1.9354   0.9837
  -1.9351   0.9836
  -1.9347   0.9834
  -1.9344   0.9833
  -1.9340   0.9832
  -1.9336   0.9831
  -1.9332   0.9829
  -1.9328   0.9828
  -1.9324   0.9827
  -1.9320   0.9825
  -1.9315   0.9824
  -1.9309   0.9822
  -1.9304   0.9821
  -1.9299   0.9819
  -1.9293   0.9817
  -1.9287   0.9815
  -1.9282   0.9813
  -1.9276   0.9811
  -1.9271   0.9809
  -1.9266   0.9808
  -1.9261   0.9806
  -1.9255   0.9804
  -1.9250   0.9802
  -1.9245   0.9801
  -1.9240   0.9799
  -1.9236   0.9797
  -1.9231   0.9796
  -1.9226   0.9794
  -1.9221   0.9793
  -1.9217   0.9791
  -1.9212   0.9789
  -1.9208   0.9788
  -1.9203   0.9786
  -1.9199   0.9785
  -1.9194   0.9784
  -1.9190   0.9782
  -1.9186   0.9781
  -1.9182   0.9779
  -1.9178   0.9778
  -1.9175   0.9777
  -1.9171   0.9776
  -1.9168   0.9775
  -1.9164   0.9774
  -1.9161   0.9773
  -1.9158   0.9772
  -1.9155   0.9771
  -1.9151   0.9770
  -1.9149   0.9769
  -1.9147   0.9769
  -1.9145   0.9768
  -1.9144   0.9767
  -1.9142   0.9767
  -1.9140   0.9766
  -1.9138   0.9765
  -1.9136   0.9765
  -1.9133   0.9764
  -1.9130   0.9763
  -1.9127   0.9762
  -1.9124   0.9761
  -1.9122   0.9760
  -1.9119   0.9759
  -1.9116   0.9759
  -1.9112   0.9757
  -1.9108   0.9756
  -1.9105   0.9755
  -1.9101   0.9754
  -1.9097   0.9753
  -1.9094   0.9752
  -1.9090   0.9751
  -1.9087   0.9750
  -1.9083   0.9749
  -1.9080   0.9748
  -1.9076   0.9747
  -1.9072   0.9746
  -1.9068   0.9745
  -1.9062   0.9743
  -1.9057   0.9742
  -1.9052   0.9740
  -1.9047   0.9739
  -1.9042   0.9737
  -1.9037   0.9736
  -1.9032   0.9735
  -1.9027   0.9733
  -1.9022   0.9732
  -1.9017   0.9731
  -1.9013   0.9729
  -1.9009   0.9728
  -1.9006   0.9727
  -1.9002   0.9726
  -1.8998   0.9725
  -1.8994   0.9724
  -1.8991   0.9723
  -1.8987   0.9722
  -1.8984   0.9721
  -1.8980   0.9720
  -1.8976   0.9719
  -1.8971   0.9718
  -1.8967   0.9717
  -1.8963   0.9715
  -1.8958   0.9714
  -1.8954   0.9713
  -1.8950   0.9712
  -1.8946   0.9711
  -1.8942   0.9710
  -1.8938   0.9708
  -1.8934   0.9707
  -1.8930   0.9706
  -1.8926   0.9705
  -1.8922   0.9704
  -1.8918   0.9703
  -1.8914   0.9702
  -1.8910   0.9701
  -1.8906   0.9700
  -1.8903   0.9699
  -1.8899   0.9698
  -1.8895   0.9697
  -1.8891   0.9696
  -1.8888   0.9695
  -1.8884   0.9694
  -1.8880   0.9693
  -1.8877   0.9692
  -1.8873   0.9691
  -1.8870   0.9690
  -1.8866   0.9689
  -1.8862   0.9688
  -1.8858   0.9687
  -1.8854   0.9685
  -1.8850   0.9684
  -1.8845   0.9683
  -1.8841   0.9682
  -1.8837   0.9681
  -1.8833   0.9679
  -1.8828   0.9678
  -1.8823   0.9677
  -1.8819   0.9675
  -1.8814   0.9674
  -1.8810   0.9673
  -1.8806   0.9671
  -1.8803   0.9670
  -1.8799   0.9669
  -1.8795   0.9668
  -1.8791   0.9667
  -1.8788   0.9666
  -1.8785   0.9665
  -1.8782   0.9664
  -1.8778   0.9663
  -1.8775   0.9662
  -1.8772   0.9661
  -1.8769   0.9660
  -1.8766   0.9659
  -1.8762   0.9658
  -1.8759   0.9657
  -1.8756   0.9656
  -1.8753   0.9655
  -1.8750   0.9654
  -1.8747   0.9653
  -1.8744   0.9652
  -1.8741   0.9652
  -1.8738   0.9651
  -1.8735   0.9650
  -1.8732   0.9649
  -1.8730   0.9648
  -1.8727   0.9647
  -1.8724   0.9646
  -1.8720   0.9645
  -1.8716   0.9644
  -1.8712   0.9643
  -1.8708   0.9642
  -1.8704   0.9641
  -1.8700   0.9640
  -1.8696   0.9638
  -1.8692   0.9637
  -1.8688   0.9636
  -1.8684   0.9635
  -1.8680   0.9634
  -1.8676   0.9633
  -1.8672   0.9632
  -1.8668   0.9631
  -1.8664   0.9629
  -1.8660   0.9628
  -1.8656   0.9627
  -1.8652   0.9626
  -1.8647   0.9624
  -1.8642   0.9623
  -1.8638   0.9622
  -1.8633   0.9620
  -1.8628   0.9619
  -1.8624   0.9618
  -1.8619   0.9616
  -1.8615   0.9615
  -1.8610   0.9613
  -1.8606   0.9612
  -1.8602   0.9611
  -1.8598   0.9610
  -1.8594   0.9608
  -1.8590   0.9607
  -1.8586   0.9606
  -1.8582   0.9604
  -1.8578   0.9603
  -1.8574   0.9602
  -1.8569   0.9600
  -1.8565   0.9599
  -1.8560   0.9598
  -1.8556   0.9596
  -1.8551   0.9595
  -1.8547   0.9594
  -1.8543   0.9592
  -1.8538   0.9591
  -1.8534   0.9590
  -1.8530   0.9588
  -1.8526   0.9587
  -1.8521   0.9586
  -1.8517   0.9585
  -1.8513   0.9583
  -1.8509   0.9582
  -1.8505   0.9581
  -1.8501   0.9579
  -1.8497   0.9578
  -1.8492   0.9577
  -1.8488   0.9576
  -1.8484   0.9574
  -1.8480   0.9573
  -1.8477   0.9572
  -1.8473   0.9571
  -1.8469   0.9570
  -1.8465   0.9568
  -1.8461   0.9567
  -1.8457   0.9566
  -1.8453   0.9565
  -1.8449   0.9564
  -1.8446   0.9563
  -1.8442   0.9561
  -1.8438   0.9560
  -1.8434   0.9559
  -1.8430   0.9558
  -1.8426   0.9556
  -1.8422   0.9555
  -1.8419   0.9554
  -1.8416   0.9553
  -1.8412   0.9552
  -1.8409   0.9551
  -1.8406   0.9550
  -1.8402   0.9549
  -1.8399   0.9548
  -1.8396   0.9546
  -1.8393   0.9545
  -1.8390   0.9544
  -1.8386   0.9543
  -1.8383   0.9542
  -1.8380   0.9541
  -1.8377   0.9540
  -1.8374   0.9539
  -1.8371   0.9538
  -1.8368   0.9537
  -1.8365   0.9536
  -1.8362   0.9535
  -1.8359   0.9534
  -1.8356   0.9533
  -1.8354   0.9533
  -1.8351   0.9532
  -1.8348   0.9531
  -1.8345   0.9530
  -1.8343   0.9529
  -1.8340   0.9528
  -1.8337   0.9527
  -1.8335   0.9527
  -1.8332   0.9526
  -1.8329   0.9525
  -1.8327   0.9524
  -1.8324   0.9523
  -1.8322   0.9523
  -1.8319   0.9522
  -1.8317   0.9521
  -1.8314   0.9520
  -1.8311   0.9519
  -1.8309   0.9519
  -1.8307   0.9518
  -1.8305   0.9517
  -1.8303   0.9517
  -1.8301   0.9516
  -1.8299   0.9515
  -1.8297   0.9514
  -1.8294   0.9514
  -1.8292   0.9513
  -1.8289   0.9512
  -1.8287   0.9511
  -1.8285   0.9511
  -1.8282   0.9510
  -1.8280   0.9509
  -1.8277   0.9508
  -1.8275   0.9508
  -1.8273   0.9507
  -1.8270   0.9506
  -1.8268   0.9505
  -1.8265   0.9504
  -1.8263   0.9504
  -1.8260   0.9503
  -1.8258   0.9502
  -1.8256   0.9501
  -1.8254   0.9500
  -1.8252   0.9500
  -1.8250   0.9499
  -1.8248   0.9498
  -1.8246   0.9498
  -1.8245   0.9497
  -1.8243   0.9497
  -1.8242   0.9496
  -1.8240   0.9495
  -1.8238   0.9495
  -1.8236   0.9494
  -1.8235   0.9493
  -1.8233   0.9493
  -1.8231   0.9492
  -1.8230   0.9491
  -1.8228   0.9491
  -1.8226   0.9490
  -1.8225   0.9489
  -1.8223   0.9489
  -1.8222   0.9488
  -1.8220   0.9487
  -1.8218   0.9487
  -1.8217   0.9486
  -1.8215   0.9486
  -1.8214   0.9485
  -1.8212   0.9484
  -1.8210   0.9484
  -1.8208   0.9483
  -1.8206   0.9482
  -1.8204   0.9481
  -1.8202   0.9481
  -1.8200   0.9480
  -1.8198   0.9479
  -1.8195   0.9478
  -1.8193   0.9477
  -1.8190   0.9477
  -1.8188   0.9476
  -1.8186   0.9475
  -1.8183   0.9474
  -1.8181   0.9473
  -1.8179   0.9473
  -1.8176   0.9472
  -1.8174   0.9471
  -1.8172   0.9470
  -1.8170   0.9469
  -1.8167   0.9469
  -1.8165   0.9468
  -1.8163   0.9467
  -1.8161   0.9466
  -1.8158   0.9465
  -1.8156   0.9465
  -1.8154   0.9464
  -1.8152   0.9463
  -1.8149   0.9463
  -1.8147   0.9462
  -1.8145   0.9461
  -1.8143   0.9461
  -1.8141   0.9460
  -1.8138   0.9459
  -1.8136   0.9458
  -1.8134   0.9458
  -1.8131   0.9457
  -1.8129   0.9456
  -1.8127   0.9456
  -1.8124   0.9455
  -1.8122   0.9454
  -1.8120   0.9453
  -1.8117   0.9453
  -1.8115   0.9452
  -1.8113   0.9451
  -1.8111   0.9451
  -1.8108   0.9450
  -1.8106   0.9449
  -1.8104   0.9448
  -1.8102   0.9448
  -1.8100   0.9447
  -1.8097   0.9446
  -1.8095   0.9446
  -1.8093   0.9445
  -1.8090   0.9444
  -1.8088   0.9443
  -1.8085   0.9442
  -1.8081   0.9441
  -1.8078   0.9440
  -1.8075   0.9440
  -1.8071   0.9439
  -1.8068   0.9438
  -1.8065   0.9437
  -1.8062   0.9436
  -1.8058   0.9435
  -1.8055   0.9434
  -1.8052   0.9433
  -1.8049   0.9432
  -1.8046   0.9431
  -1.8043   0.9430
  -1.8040   0.9429
  -1.8037   0.9429
  -1.8034   0.9428
  -1.8031   0.9427
  -1.8028   0.9426
  -1.8025   0.9425
  -1.8022   0.9424
  -1.8019   0.9423
  -1.8016   0.9422
  -1.8013   0.9421
  -1.8009   0.9420
  -1.8006   0.9419
  -1.8002   0.9418
  -1.7999   0.9417
  -1.7996   0.9416
  -1.7992   0.9415
  -1.7989   0.9414
  -1.7985   0.9413
  -1.7982   0.9412
  -1.7978   0.9411
  -1.7974   0.9410
  -1.7971   0.9409
  -1.7967   0.9408
  -1.7964   0.9407
  -1.7960   0.9406
  -1.7956   0.9404
  -1.7952   0.9403
  -1.7949   0.9402
  -1.7945   0.9401
  -1.7941   0.9400
  -1.7937   0.9398
  -1.7934   0.9397
  -1.7930   0.9396
  -1.7926   0.9395
  -1.7923   0.9394
  -1.7919   0.9393
  -1.7915   0.9391
  -1.7912   0.9390
  -1.7908   0.9389
  -1.7905   0.9388
  -1.7901   0.9387
  -1.7898   0.9386
  -1.7894   0.9385
  -1.7890   0.9383
  -1.7887   0.9382
  -1.7883   0.9381
  -1.7880   0.9380
  -1.7876   0.9379
  -1.7873   0.9378
  -1.7870   0.9377
  -1.7866   0.9376
  -1.7863   0.9375
  -1.7860   0.9374
  -1.7857   0.9373
  -1.7853   0.9372
  -1.7851   0.9371
  -1.7848   0.9370
  -1.7845   0.9369
  -1.7842   0.9368
  -1.7839   0.9367
  -1.7836   0.9366
  -1.7834   0.9366
  -1.7831   0.9365
  -1.7828   0.9364
  -1.7825   0.9363
  -1.7822   0.9362
  -1.7819   0.9361
  -1.7816   0.9360
  -1.7813   0.9359
  -1.7810   0.9358
  -1.7807   0.9357
  -1.7804   0.9356
  -1.7801   0.9355
  -1.7798   0.9354
  -1.7795   0.9354
  -1.7792   0.9353
  -1.7789   0.9352
  -1.7786   0.9351
  -1.7783   0.9350
  -1.7780   0.9349
  -1.7777   0.9348
  -1.7774   0.9347
  -1.7771   0.9346
  -1.7768   0.9345
  -1.7765   0.9344
  -1.7762   0.9343
  -1.7759   0.9343
  -1.7756   0.9342
  -1.7754   0.9341
  -1.7751   0.9340
  -1.7748   0.9339
  -1.7745   0.9338
  -1.7742   0.9337
  -1.7739   0.9336
  -1.7736   0.9336
  -1.7734   0.9335
  -1.7731   0.9334
  -1.7728   0.9333
  -1.7725   0.9332
  -1.7722   0.9331
  -1.7720   0.9330
  -1.7717   0.9330
  -1.7714   0.9329
  -1.7711   0.9328
  -1.7709   0.9327
  -1.7706   0.9326
  -1.7703   0.9325
  -1.7700   0.9324
  -1.7698   0.9324
  -1.7695   0.9323
  -1.7692   0.9322
  -1.7690   0.9321
  -1.7687   0.9320
  -1.7684   0.9319
  -1.7681   0.9318
  -1.7678   0.9317
  -1.7675   0.9316
  -1.7672   0.9316
  -1.7669   0.9315
  -1.7666   0.9314
  -1.7663   0.9313
  -1.7661   0.9312
  -1.7658   0.9311
  -1.7655   0.9310
  -1.7652   0.9309
  -1.7649   0.9308
  -1.7646   0.9307
  -1.7644   0.9306
  -1.7641   0.9305
  -1.7638   0.9304
  -1.7636   0.9304
  -1.7633   0.9303
  -1.7630   0.9302
  -1.7628   0.9301
  -1.7625   0.9300
  -1.7622   0.9299
  -1.7620   0.9298
  -1.7617   0.9298
  -1.7615   0.9297
  -1.7612   0.9296
  -1.7609   0.9295
  -1.7607   0.9294
  -1.7604   0.9293
  -1.7602   0.9292
  -1.7599   0.9291
  -1.7597   0.9290
  -1.7594   0.9289
  -1.7591   0.9288
  -1.7588   0.9287
  -1.7585   0.9286
  -1.7582   0.9285
  -1.7579   0.9284
  -1.7576   0.9283
  -1.7573   0.9282
  -1.7571   0.9281
  -1.7568   0.9280
  -1.7565   0.9279
  -1.7562   0.9278
  -1.7559   0.9277
  -1.7556   0.9276
  -1.7553   0.9275
  -1.7550   0.9274
  -1.7547   0.9273
  -1.7544   0.9272
  -1.7540   0.9271
  -1.7537   0.9270
  -1.7534   0.9268
  -1.7531   0.9267
  -1.7527   0.9266
  -1.7524   0.9265
  -1.7521   0.9264
  -1.7518   0.9263
  -1.7515   0.9262
  -1.7512   0.9261
  -1.7508   0.9259
  -1.7505   0.9258
  -1.7502   0.9257
  -1.7499   0.9256
  -1.7496   0.9255
  -1.7493   0.9254
  -1.7489   0.9252
  -1.7486   0.9251
  -1.7483   0.9250
  -1.7480   0.9249
  -1.7476   0.9248
  -1.7473   0.9246
  -1.7470   0.9245
  -1.7467   0.9244
  -1.7464   0.9243
  -1.7461   0.9242
  -1.7457   0.9240
  -1.7454   0.9239
  -1.7451   0.9238
  -1.7448   0.9237
  -1.7445   0.9236
  -1.7442   0.9235
  -1.7438   0.9233
  -1.7435   0.9232
  -1.7432   0.9231
  -1.7428   0.9230
  -1.7425   0.9228
  -1.7422   0.9227
  -1.7419   0.9226
  -1.7415   0.9225
  -1.7412   0.9223
  -1.7409   0.9222
  -1.7406   0.9221
  -1.7403   0.9220
  -1.7400   0.9219
  -1.7398   0.9217
  -1.7395   0.9216
  -1.7392   0.9215
  -1.7389   0.9214
  -1.7387   0.9213
  -1.7384   0.9212
  -1.7381   0.9211
  -1.7378   0.9210
  -1.7375   0.9208
  -1.7373   0.9207
  -1.7370   0.9206
  -1.7367   0.9205
  -1.7364   0.9204
  -1.7361   0.9203
  -1.7358   0.9201
  -1.7356   0.9200
  -1.7353   0.9199
  -1.7350   0.9198
  -1.7347   0.9197
  -1.7344   0.9195
  -1.7341   0.9194
  -1.7338   0.9193
  -1.7336   0.9192
  -1.7333   0.9190
  -1.7330   0.9189
  -1.7327   0.9188
  -1.7324   0.9187
  -1.7322   0.9186
  -1.7319   0.9184
  -1.7316   0.9183
  -1.7314   0.9182
  -1.7311   0.9181
  -1.7309   0.9180
  -1.7306   0.9179
  -1.7303   0.9177
  -1.7301   0.9176
  -1.7298   0.9175
  -1.7295   0.9174
  -1.7293   0.9173
  -1.7290   0.9172
  -1.7288   0.9171
  -1.7285   0.9169
  -1.7283   0.9168
  -1.7280   0.9167
  -1.7277   0.9166
  -1.7275   0.9165
  -1.7273   0.9164
  -1.7271   0.9163
  -1.7268   0.9162
  -1.7266   0.9161
  -1.7264   0.9160
  -1.7261   0.9159
  -1.7259   0.9158
  -1.7257   0.9157
  -1.7254   0.9155
  -1.7252   0.9154
  -1.7249   0.9153
  -1.7247   0.9152
  -1.7244   0.9151
  -1.7241   0.9150
  -1.7238   0.9148
  -1.7236   0.9147
  -1.7233   0.9146
  -1.7230   0.9145
  -1.7228   0.9143
  -1.7225   0.9142
  -1.7222   0.9141
  -1.7219   0.9140
  -1.7217   0.9138
  -1.7214   0.9137
  -1.7211   0.9136
  -1.7208   0.9135
  -1.7205   0.9133
  -1.7202   0.9132
  -1.7199   0.9131
  -1.7196   0.9130
  -1.7193   0.9128
  -1.7190   0.9127
  -1.7187   0.9126
  -1.7184   0.9124
  -1.7181   0.9123
  -1.7178   0.9122
  -1.7175   0.9121
  -1.7173   0.9120
  -1.7170   0.9118
  -1.7167   0.9117
  -1.7164   0.9116
  -1.7162   0.9115
  -1.7159   0.9114
  -1.7156   0.9113
  -1.7153   0.9112
  -1.7151   0.9111
  -1.7148   0.9109
  -1.7145   0.9108
  -1.7142   0.9107
  -1.7140   0.9106
  -1.7137   0.9105
  -1.7134   0.9104
  -1.7132   0.9103
  -1.7129   0.9102
  -1.7126   0.9101
  -1.7123   0.9100
  -1.7120   0.9098
  -1.7118   0.9097
  -1.7115   0.9096
  -1.7112   0.9095
  -1.7109   0.9094
  -1.7106   0.9093
  -1.7104   0.9092
  -1.7101   0.9091
  -1.7098   0.9090
  -1.7095   0.9089
  -1.7093   0.9088
  -1.7090   0.9087
  -1.7087   0.9086
  -1.7084   0.9084
  -1.7082   0.9083
  -1.7079   0.9082
  -1.7076   0.9081
  -1.7074   0.9080
  -1.7071   0.9079
  -1.7068   0.9078
  -1.7066   0.9077
  -1.7063   0.9076
  -1.7061   0.9075
  -1.7058   0.9074
  -1.7056   0.9073
  -1.7053   0.9072
  -1.7051   0.9071
  -1.7049   0.9070
  -1.7046   0.9069
  -1.7044   0.9068
  -1.7042   0.9067
  -1.7039   0.9066
  -1.7037   0.9065
  -1.7035   0.9064
  -1.7033   0.9063
  -1.7030   0.9062
  -1.7028   0.9061
  -1.7026   0.9060
  -1.7024   0.9060
  -1.7022   0.9059
  -1.7020   0.9058
  -1.7018   0.9057
  -1.7016   0.9056
  -1.7014   0.9055
  -1.7012   0.9054
  -1.7010   0.9053
  -1.7008   0.9052
  -1.7005   0.9051
  -1.7003   0.9050
  -1.7001   0.9049
  -1.6999   0.9049
  -1.6997   0.9048
  -1.6995   0.9047
  -1.6993   0.9046
  -1.6991   0.9045
  -1.6989   0.9044
  -1.6987   0.9043
  -1.6985   0.9042
  -1.6982   0.9041
  -1.6980   0.9041
  -1.6978   0.9040
  -1.6975   0.9039
  -1.6973   0.9038
  -1.6971   0.9037
  -1.6969   0.9036
  -1.6966   0.9035
  -1.6964   0.9034
  -1.6962   0.9033
  -1.6959   0.9032
  -1.6957   0.9031
  -1.6955   0.9030
  -1.6952   0.9029
  -1.6950   0.9028
  -1.6948   0.9028
  -1.6946   0.9027
  -1.6943   0.9026
  -1.6941   0.9025
  -1.6939   0.9024
  -1.6937   0.9023
  -1.6934   0.9022
  -1.6932   0.9021
  -1.6930   0.9020
  -1.6928   0.9019
  -1.6926   0.9019
  -1.6924   0.9018
  -1.6922   0.9017
  -1.6920   0.9016
  -1.6918   0.9015
  -1.6916   0.9014
  -1.6914   0.9013
  -1.6912   0.9012
  -1.6910   0.9012
  -1.6908   0.9011
  -1.6906   0.9010
  -1.6904   0.9009
  -1.6902   0.9008
  -1.6900   0.9007
  -1.6898   0.9006
  -1.6896   0.9005
  -1.6894   0.9004
  -1.6892   0.9003
  -1.6890   0.9002
  -1.6888   0.9001
  -1.6886   0.9000
  -1.6884   0.8999
  -1.6882   0.8998
  -1.6880   0.8997
  -1.6877   0.8996
  -1.6875   0.8995
  -1.6873   0.8994
  -1.6871   0.8993
  -1.6869   0.8992
  -1.6867   0.8991
  -1.6865   0.8990
  -1.6863   0.8989
  -1.6861   0.8988
  -1.6859   0.8987
  -1.6857   0.8986
  -1.6855   0.8985
  -1.6852   0.8984
  -1.6850   0.8983
  -1.6848   0.8982
  -1.6846   0.8981
  -1.6844   0.8980
  -1.6842   0.8979
  -1.6840   0.8978
  -1.6838   0.8977
  -1.6836   0.8976
  -1.6834   0.8975
  -1.6832   0.8974
  -1.6830   0.8973
  -1.6828   0.8972
  -1.6826   0.8971
  -1.6824   0.8970
  -1.6822   0.8969
  -1.6819   0.8968
  -1.6817   0.8967
  -1.6815   0.8966
  -1.6813   0.8965
  -1.6811   0.8964
  -1.6809   0.8962
  -1.6806   0.8961
  -1.6804   0.8960
  -1.6802   0.8959
  -1.6800   0.8958
  -1.6798   0.8957
  -1.6796   0.8956
  -1.6793   0.8955
  -1.6791   0.8954
  -1.6789   0.8953
  -1.6787   0.8952
  -1.6785   0.8951
  -1.6783   0.8949
  -1.6781   0.8948
  -1.6779   0.8947
  -1.6776   0.8946
  -1.6774   0.8945
  -1.6772   0.8944
  -1.6770   0.8943
  -1.6768   0.8942
  -1.6766   0.8941
  -1.6764   0.8940
  -1.6762   0.8939
  -1.6760   0.8937
  -1.6758   0.8936
  -1.6756   0.8935
  -1.6754   0.8934
  -1.6752   0.8933
  -1.6749   0.8932

