2.1000000000e+00   -1.6896036009e+00   8.9891745351e-01   2.3572573389e+00   8.7062001550e-01
2.1030303030e+00   -1.6881023855e+00   8.9836266893e-01   2.3472930904e+00   8.6881313957e-01
2.1060606061e+00   -1.6857924187e+00   8.9751545578e-01   2.3671692512e+00   8.8559601482e-01
2.1090909091e+00   -1.6838835435e+00   8.9682851625e-01   2.3691486209e+00   8.8588122195e-01
2.1121212121e+00   -1.6817948541e+00   8.9606476568e-01   2.3592938563e+00   8.8321527284e-01
2.1151515152e+00   -1.6790477430e+00   8.9494502570e-01   2.3564477064e+00   8.8840252873e-01
2.1181818182e+00   -1.6768077581e+00   8.9412313454e-01   2.3551568153e+00   8.9276687146e-01
2.1212121212e+00   -1.6749138095e+00   8.9345317763e-01   2.3428279578e+00   8.8940874302e-01
2.1242424242e+00   -1.6722549282e+00   8.9251493197e-01   2.3758790432e+00   8.9874995006e-01
2.1272727273e+00   -1.6701515752e+00   8.9170086319e-01   2.3841317944e+00   9.0711559644e-01
2.1303030303e+00   -1.6683770355e+00   8.9106520937e-01   2.3341062906e+00   8.9197407224e-01
2.1333333333e+00   -1.6655976281e+00   8.9008987982e-01   2.3628386246e+00   9.0594878855e-01
2.1363636364e+00   -1.6639180967e+00   8.8940725170e-01   2.3497515504e+00   8.9752735458e-01
2.1393939394e+00   -1.6610839607e+00   8.8827235903e-01   2.3456528484e+00   8.9494778063e-01
2.1424242424e+00   -1.6592576236e+00   8.8758839758e-01   2.3332210080e+00   8.9067340211e-01
2.1454545455e+00   -1.6567533847e+00   8.8669051776e-01   2.2981201992e+00   8.8227289741e-01
2.1484848485e+00   -1.6547165805e+00   8.8597878458e-01   2.3370982548e+00   9.0202233638e-01
2.1515151515e+00   -1.6516099652e+00   8.8472511187e-01   2.2974513333e+00   8.8675111816e-01
2.1545454545e+00   -1.6497778352e+00   8.8407993878e-01   2.3279763409e+00   8.9535145766e-01
2.1575757576e+00   -1.6479823522e+00   8.8342839758e-01   2.2982582518e+00   8.8741680166e-01
2.1606060606e+00   -1.6440805518e+00   8.8189230839e-01   2.3423768661e+00   9.0542576210e-01
2.1636363636e+00   -1.6405808209e+00   8.8051088209e-01   2.3591209162e+00   9.1631562269e-01
2.1666666667e+00   -1.6379439592e+00   8.7945564928e-01   2.3340431581e+00   9.0844118530e-01
2.1696969697e+00   -1.6359881421e+00   8.7874151398e-01   2.3477601687e+00   9.2365357416e-01
2.1727272727e+00   -1.6340283794e+00   8.7802957067e-01   2.3753991592e+00   9.3184314664e-01
2.1757575758e+00   -1.6327060242e+00   8.7755726002e-01   2.3618065774e+00   9.2754690652e-01
2.1787878788e+00   -1.6303829101e+00   8.7668719274e-01   2.3798630957e+00   9.3512290127e-01
2.1818181818e+00   -1.6276663326e+00   8.7562922525e-01   2.3200440335e+00   9.1401879141e-01
2.1848484848e+00   -1.6258670144e+00   8.7498386924e-01   2.3351447789e+00   9.2836946365e-01
2.1878787879e+00   -1.6242326455e+00   8.7441504233e-01   2.2961602601e+00   9.1572224650e-01
2.1909090909e+00   -1.6216398367e+00   8.7335090703e-01   2.2774602347e+00   9.1235047116e-01
2.1939393939e+00   -1.6192615072e+00   8.7237461678e-01   2.2467336492e+00   9.0519801594e-01
2.1969696970e+00   -1.6166692487e+00   8.7134241043e-01   2.2512722681e+00   9.0406347999e-01
2.2000000000e+00   -1.6142536689e+00   8.7045148451e-01   2.2664708113e+00   9.1049643485e-01
2.2030303030e+00   -1.6112861285e+00   8.6939012018e-01   2.3345701487e+00   9.3584140056e-01
2.2060606061e+00   -1.6097728012e+00   8.6879412774e-01   2.4331070453e+00   9.8379380772e-01
2.2090909091e+00   -1.6077153364e+00   8.6797646863e-01   2.3887142629e+00   9.5703111281e-01
2.2121212121e+00   -1.6057428707e+00   8.6729953817e-01   2.3826943441e+00   9.5720275859e-01
2.2151515152e+00   -1.6032955042e+00   8.6636777853e-01   2.3697180193e+00   9.5336812358e-01
2.2181818182e+00   -1.6014680212e+00   8.6568535299e-01   2.3457071531e+00   9.4510955507e-01
2.2212121212e+00   -1.5996952245e+00   8.6494452230e-01   2.3074988624e+00   9.2862221069e-01
2.2242424242e+00   -1.5976172638e+00   8.6420735299e-01   2.3028352314e+00   9.3104054842e-01
2.2272727273e+00   -1.5955509917e+00   8.6341428949e-01   2.3175216157e+00   9.3971503232e-01
2.2303030303e+00   -1.5930036674e+00   8.6247556009e-01   2.2909199044e+00   9.3712325251e-01
2.2333333333e+00   -1.5901076568e+00   8.6128174452e-01   2.2495651967e+00   9.2558650017e-01
2.2363636364e+00   -1.5865571958e+00   8.5979102116e-01   2.3182865497e+00   9.4805910743e-01
2.2393939394e+00   -1.5837444021e+00   8.5872080574e-01   2.3443481659e+00   9.6142377864e-01
2.2424242424e+00   -1.5808469751e+00   8.5761935374e-01   2.3239331992e+00   9.5535811667e-01
2.2454545455e+00   -1.5790656009e+00   8.5693782615e-01   2.3433527181e+00   9.6374299532e-01
2.2484848485e+00   -1.5761301784e+00   8.5576566742e-01   2.2905984303e+00   9.4019176207e-01
2.2515151515e+00   -1.5738556160e+00   8.5491043311e-01   2.2990958526e+00   9.4527542138e-01
2.2545454545e+00   -1.5707833878e+00   8.5369435903e-01   2.2505667740e+00   9.3126664436e-01
2.2575757576e+00   -1.5686497007e+00   8.5284795540e-01   2.2790759453e+00   9.4848892835e-01
2.2606060606e+00   -1.5664956508e+00   8.5198388511e-01   2.2751260201e+00   9.5310434749e-01
2.2636363636e+00   -1.5621175087e+00   8.5011042706e-01   2.2365140990e+00   9.4076101423e-01
2.2666666667e+00   -1.5601682661e+00   8.4938048677e-01   2.2463925324e+00   9.4490321347e-01
2.2696969697e+00   -1.5579009463e+00   8.4851897128e-01   2.2165540336e+00   9.3700092544e-01
2.2727272727e+00   -1.5536321814e+00   8.4676456840e-01   2.2201525997e+00   9.4295106668e-01
2.2757575758e+00   -1.5515913046e+00   8.4602012774e-01   2.2417913023e+00   9.5387184606e-01
2.2787878788e+00   -1.5491695359e+00   8.4505295692e-01   2.2158613721e+00   9.4485775520e-01
2.2818181818e+00   -1.5467017611e+00   8.4404274452e-01   2.1907497894e+00   9.3734582827e-01
2.2848484848e+00   -1.5439536523e+00   8.4290643008e-01   2.1397732667e+00   9.2199295804e-01
2.2878787879e+00   -1.5421013258e+00   8.4225578836e-01   2.1079576178e+00   9.0803867405e-01
2.2909090909e+00   -1.5391491882e+00   8.4106567120e-01   2.0857038807e+00   9.0556110942e-01
2.2939393939e+00   -1.5374027407e+00   8.4042329932e-01   2.0660629885e+00   9.0367228043e-01
2.2969696970e+00   -1.5345591791e+00   8.3930751247e-01   2.0614733083e+00   9.1032060916e-01
2.3000000000e+00   -1.5311843023e+00   8.3790102419e-01   2.0343144809e+00   9.0612653769e-01
2.3030303030e+00   -1.5286245382e+00   8.3682581784e-01   1.9994367512e+00   8.9294649576e-01
2.3060606061e+00   -1.5264852502e+00   8.3600367498e-01   1.9732049453e+00   8.8396169399e-01
2.3090909091e+00   -1.5227083008e+00   8.3432676568e-01   1.8977838168e+00   8.4967334248e-01
2.3121212121e+00   -1.5198554482e+00   8.3309837491e-01   1.8722764915e+00   8.3996564299e-01
2.3151515152e+00   -1.5177437294e+00   8.3231161905e-01   1.8645342658e+00   8.3864194349e-01
2.3181818182e+00   -1.5150359909e+00   8.3126559788e-01   1.8520693434e+00   8.3539157138e-01
2.3212121212e+00   -1.5123942555e+00   8.3016657974e-01   1.8309367114e+00   8.3431333825e-01
2.3242424242e+00   -1.5099517627e+00   8.2928172789e-01   1.8131273257e+00   8.3592177841e-01
2.3272727273e+00   -1.5072089554e+00   8.2823484354e-01   1.7732443986e+00   8.2218204801e-01
2.3303030303e+00   -1.5043242147e+00   8.2709727589e-01   1.7950513376e+00   8.4382279794e-01
2.3333333333e+00   -1.5004481814e+00   8.2551044066e-01   1.7739116828e+00   8.3783870474e-01
2.3363636364e+00   -1.4962959909e+00   8.2376466969e-01   1.8967191979e+00   9.0251145424e-01
2.3393939394e+00   -1.4931989917e+00   8.2230124641e-01   1.8930307399e+00   9.0612665526e-01
2.3424242424e+00   -1.4924354890e+00   8.2203272336e-01   1.8960997391e+00   9.1114890374e-01
2.3454545455e+00   -1.4897326606e+00   8.2094560922e-01   1.9011962246e+00   9.2140781735e-01
2.3484848485e+00   -1.4877907937e+00   8.2029006349e-01   1.9080738994e+00   9.3403532632e-01
2.3515151515e+00   -1.4840601134e+00   8.1868721088e-01   1.8791680568e+00   9.2638906386e-01
2.3545454545e+00   -1.4816275268e+00   8.1761785110e-01   1.8934728837e+00   9.4162148114e-01
2.3575757576e+00   -1.4782502812e+00   8.1614059410e-01   1.8469164890e+00   9.1665929808e-01
2.3606060606e+00   -1.4762281844e+00   8.1548711413e-01   1.8478954598e+00   9.2100203659e-01
2.3636363636e+00   -1.4715132200e+00   8.1345768934e-01   1.7805070608e+00   8.8828710005e-01
2.3666666667e+00   -1.4690580257e+00   8.1254639153e-01   1.7876139748e+00   8.9742123491e-01
2.3696969697e+00   -1.4659976160e+00   8.1123700756e-01   1.7458093707e+00   8.7432160393e-01
2.3727272727e+00   -1.4643403810e+00   8.1065106274e-01   1.7406294594e+00   8.7946300202e-01
2.3757575758e+00   -1.4614525820e+00   8.0954638246e-01   1.7335952164e+00   8.7680803652e-01
2.3787878788e+00   -1.4587779501e+00   8.0855528269e-01   1.7460903358e+00   8.8471443833e-01
2.3818181818e+00   -1.4566341361e+00   8.0765643462e-01   1.7417890873e+00   8.8475704179e-01
2.3848484848e+00   -1.4545391111e+00   8.0682612547e-01   1.7585395508e+00   8.9888711664e-01
2.3878787879e+00   -1.4513945397e+00   8.0552884883e-01   1.7491769887e+00   8.9694395970e-01
2.3909090909e+00   -1.4470702887e+00   8.0358238549e-01   1.7100859054e+00   8.8228390117e-01
2.3939393939e+00   -1.4451370552e+00   8.0279109221e-01   1.6871594090e+00   8.6887323835e-01
2.3969696970e+00   -1.4423019032e+00   8.0159253590e-01   1.6656195827e+00   8.5956830095e-01
2.4000000000e+00   -1.4376782162e+00   7.9964332048e-01   1.6255740093e+00   8.4486795277e-01
