2.2212121212e+00   -1.3198468088e+00   7.0513473897e-01   5.0783121171e+01   4.2338715177e+01
2.2242424242e+00   -1.3157013971e+00   7.0231443382e-01   5.0156237884e+01   4.1788924024e+01
2.2272727273e+00   -1.3148030221e+00   7.0228668382e-01   4.9686541830e+01   4.1824583764e+01
2.2303030303e+00   -1.3126899044e+00   7.0117010294e-01   4.9899639445e+01   4.2351666393e+01
2.2333333333e+00   -1.3046610000e+00   6.9464988971e-01   4.8659694858e+01   4.1530281417e+01
2.2363636364e+00   -1.2964014265e+00   6.9078534559e-01   4.6720666536e+01   4.0794282637e+01
2.2393939394e+00   -1.2927279412e+00   6.8715348529e-01   4.5212668148e+01   3.9009424111e+01
2.2424242424e+00   -1.2894786912e+00   6.8532033456e-01   4.5076854032e+01   3.8990194363e+01
2.2454545455e+00   -1.2838257279e+00   6.8087070588e-01   4.4256900801e+01   3.7918233704e+01
2.2484848485e+00   -1.2742556176e+00   6.7508647794e-01   4.3481918350e+01   3.8311813844e+01
2.2515151515e+00   -1.2688279926e+00   6.7287579044e-01   4.2416810775e+01   3.7380113496e+01
2.2545454545e+00   -1.2667587132e+00   6.7324070956e-01   4.3245824662e+01   3.8211261198e+01
2.2575757576e+00   -1.2579802574e+00   6.6828308088e-01   4.2483735177e+01   3.8457027032e+01
2.2606060606e+00   -1.2528521765e+00   6.6580495221e-01   4.1405630577e+01   3.7657554645e+01
2.2636363636e+00   -1.2525371471e+00   6.6732479412e-01   4.0655320251e+01   3.6324937937e+01
2.2666666667e+00   -1.2541767353e+00   6.7049431250e-01   4.0910585319e+01   3.6300715774e+01
2.2696969697e+00   -1.2538953897e+00   6.7037801838e-01   4.0971518546e+01   3.6485810477e+01
2.2727272727e+00   -1.2458998382e+00   6.6341427941e-01   4.0083869610e+01   3.5907999246e+01
2.2757575758e+00   -1.2400254265e+00   6.6088260294e-01   3.8202352929e+01   3.4179646631e+01
2.2787878788e+00   -1.2378863235e+00   6.6006191176e-01   3.7720884881e+01   3.3910721519e+01
2.2818181818e+00   -1.2371135221e+00   6.6001973897e-01   3.7533722149e+01   3.3599942274e+01
2.2848484848e+00   -1.2353733456e+00   6.5965807353e-01   3.7344890251e+01   3.3553171254e+01
2.2878787879e+00   -1.2314722206e+00   6.5520698897e-01   3.6498598160e+01   3.2720210301e+01
2.2909090909e+00   -1.2277316544e+00   6.5413400368e-01   3.5479931983e+01   3.2415299932e+01
2.2939393939e+00   -1.2287465515e+00   6.5586314706e-01   3.5693057987e+01   3.2696072238e+01
2.2969696970e+00   -1.2257217132e+00   6.5424095588e-01   3.5785772256e+01   3.3051782319e+01
2.3000000000e+00   -1.2271393235e+00   6.5527373529e-01   3.6321153380e+01   3.3496147980e+01
2.3030303030e+00   -1.2241885882e+00   6.5372161029e-01   3.5382934243e+01   3.2802468298e+01
2.3060606061e+00   -1.2237562500e+00   6.5332154779e-01   3.5398205262e+01   3.2742984430e+01
2.3090909091e+00   -1.2236349926e+00   6.5344709191e-01   3.4330586327e+01   3.1745103063e+01
2.3121212121e+00   -1.2277306985e+00   6.5581673897e-01   3.5196862056e+01   3.2340921028e+01
2.3151515152e+00   -1.2255127059e+00   6.5527479044e-01   3.4318557317e+01   3.1554289359e+01
2.3181818182e+00   -1.2252245735e+00   6.5528222059e-01   3.4361595354e+01   3.1432423273e+01
2.3212121212e+00   -1.2252826397e+00   6.5538195956e-01   3.4458278585e+01   3.1579305163e+01
2.3242424242e+00   -1.2270696250e+00   6.5751727574e-01   3.5308942084e+01   3.2380922010e+01
2.3272727273e+00   -1.2228138824e+00   6.5474113603e-01   3.4029996633e+01   3.1156121306e+01
2.3303030303e+00   -1.2203571324e+00   6.5544556985e-01   3.3991005739e+01   3.0603408928e+01
2.3333333333e+00   -1.2154735294e+00   6.5291863235e-01   3.3252750418e+01   3.0543088549e+01
2.3363636364e+00   -1.2122211471e+00   6.5111672059e-01   3.1713479562e+01   2.9112584247e+01
2.3393939394e+00   -1.2141058162e+00   6.5362853676e-01   3.1872387161e+01   2.8710223338e+01
2.3424242424e+00   -1.2145356691e+00   6.5399708088e-01   3.1674768773e+01   2.8302154909e+01
2.3454545455e+00   -1.2123761029e+00   6.5264166912e-01   3.1239460553e+01   2.7930231961e+01
2.3484848485e+00   -1.2120186324e+00   6.5298105882e-01   3.1463778985e+01   2.8434806570e+01
2.3515151515e+00   -1.2118076985e+00   6.5401073897e-01   3.1517524597e+01   2.9015767373e+01
2.3545454545e+00   -1.2110536103e+00   6.5386229412e-01   3.1702198461e+01   2.9184035582e+01
2.3575757576e+00   -1.2098006765e+00   6.5413936029e-01   3.1814738923e+01   2.9401285764e+01
2.3606060606e+00   -1.2059221103e+00   6.5071673897e-01   3.0889755819e+01   2.7777354232e+01
2.3636363636e+00   -1.2051327941e+00   6.5132472426e-01   3.0662158834e+01   2.7615344945e+01
2.3666666667e+00   -1.2049541250e+00   6.5214369485e-01   3.0650229031e+01   2.7794339767e+01
2.3696969697e+00   -1.2031465662e+00   6.5171868382e-01   3.0377358123e+01   2.7931968533e+01
2.3727272727e+00   -1.2030356029e+00   6.5188198162e-01   3.0140967841e+01   2.7856903326e+01
2.3757575758e+00   -1.2030933529e+00   6.5160243750e-01   2.9084298630e+01   2.6771419824e+01
2.3787878788e+00   -1.2037972353e+00   6.5260969853e-01   2.8934797921e+01   2.6743670846e+01
2.3818181818e+00   -1.2066711985e+00   6.5570933088e-01   2.9292248467e+01   2.7316082532e+01
2.3848484848e+00   -1.2073448235e+00   6.5659778676e-01   2.9536304997e+01   2.7178651533e+01
2.3878787879e+00   -1.2085331250e+00   6.5762173529e-01   2.9225400156e+01   2.6869059204e+01
2.3909090909e+00   -1.2053438676e+00   6.5491147426e-01   2.8382629865e+01   2.6061379725e+01
2.3939393939e+00   -1.1953307647e+00   6.4860983824e-01   2.8203238503e+01   2.6294852573e+01
2.3969696970e+00   -1.1933818824e+00   6.4839664706e-01   2.8771137927e+01   2.7200602526e+01
2.4000000000e+00   -1.1918771765e+00   6.4735986765e-01   2.8317381806e+01   2.6949622690e+01
