  -2.0000   1.0000
  -1.0000   0.5000
  -0.6667   0.3333
  -0.5000   0.2500
  -0.4000   0.2000
  -0.3333   0.1667
  -0.2857   0.1429
  -0.2500   0.1250
  -0.2222   0.1111
  -0.2000   0.1000
  -0.1818   0.0909
  -0.1667   0.0833
  -0.1538   0.0769
  -0.1429   0.0714
  -0.1333   0.0667
  -0.1250   0.0625
  -0.1176   0.0588
  -0.1111   0.0556
  -0.1053   0.0526
  -0.1000   0.0500
  -0.0952   0.0476
  -0.0909   0.0455
  -0.0870   0.0435
  -0.0833   0.0417
  -0.0800   0.0400
  -0.0769   0.0385
  -0.0741   0.0370
  -0.0714   0.0357
  -0.0690   0.0345
  -0.0667   0.0333
  -0.0645   0.0323
  -0.0625   0.0312
  -0.0606   0.0303
  -0.0588   0.0294
  -0.0571   0.0286
  -0.0556   0.0278
  -0.0541   0.0270
  -0.0526   0.0263
  -0.0513   0.0256
  -0.0500   0.0250
  -0.0488   0.0244
  -0.0476   0.0238
  -0.0465   0.0233
  -0.0455   0.0227
  -0.0444   0.0222
  -0.0435   0.0217
  -0.0426   0.0213
  -0.0417   0.0208
  -0.0408   0.0204
  -0.0400   0.0200
  -0.0392   0.0196
  -0.0385   0.0192
  -0.0377   0.0189
  -0.0370   0.0185
  -0.0364   0.0182
  -0.0357   0.0179
  -0.0351   0.0175
  -0.0345   0.0172
  -0.0339   0.0169
  -0.0333   0.0167
  -0.0328   0.0164
  -0.0323   0.0161
  -0.0317   0.0159
  -0.0312   0.0156
  -0.0308   0.0154
  -0.0303   0.0152
  -0.0299   0.0149
  -0.0294   0.0147
  -0.0290   0.0145
  -0.0286   0.0143
  -0.0282   0.0141
  -0.0278   0.0139
  -0.0274   0.0137
  -0.0270   0.0135
  -0.0267   0.0133
  -0.0263   0.0132
  -0.0260   0.0130
  -0.0256   0.0128
  -0.0253   0.0127
  -0.0250   0.0125
  -0.0247   0.0123
  -0.0244   0.0122
  -0.0241   0.0120
  -0.0238   0.0119
  -0.0235   0.0118
  -0.0233   0.0116
  -0.0230   0.0115
  -0.0227   0.0114
  -0.0225   0.0112
  -0.0222   0.0111
  -0.0220   0.0110
  -0.0217   0.0109
  -0.0215   0.0108
  -0.0213   0.0106
  -0.0211   0.0105
  -0.0208   0.0104
  -0.0206   0.0103
  -0.0204   0.0102
  -0.0202   0.0101
  -0.0200   0.0100

