2.100000e+00   -1.655993e+00   8.620257e-01   7.874232e-01   9.705525e-01
2.103030e+00   -1.658723e+00   8.677507e-01   7.395944e-01   7.069075e-01
2.106061e+00   -1.655835e+00   8.658054e-01   7.318013e-01   6.723640e-01
2.109091e+00   -1.652042e+00   8.631365e-01   7.602249e-01   8.192628e-01
2.112121e+00   -1.648938e+00   8.611243e-01   7.421055e-01   7.892831e-01
2.115152e+00   -1.642161e+00   8.523575e-01   9.722320e-01   1.915196e+00
2.118182e+00   -1.638783e+00   8.497163e-01   9.936669e-01   2.328198e+00
2.121212e+00   -1.637128e+00   8.494475e-01   9.546812e-01   2.170900e+00
2.124242e+00   -1.634642e+00   8.486699e-01   9.633093e-01   2.072208e+00
2.127273e+00   -1.623778e+00   8.333773e-01   1.022097e+00   2.245929e+00
2.130303e+00   -1.629343e+00   8.483697e-01   8.558767e-01   1.269291e+00
2.133333e+00   -1.633550e+00   8.568547e-01   8.185931e-01   6.630901e-01
2.136364e+00   -1.629998e+00   8.535495e-01   7.784821e-01   7.681918e-01
2.139394e+00   -1.623826e+00   8.481954e-01   9.115301e-01   9.971306e-01
2.142424e+00   -1.618028e+00   8.431787e-01   9.658632e-01   1.398012e+00
2.145455e+00   -1.618590e+00   8.456044e-01   8.330310e-01   8.552922e-01
2.148485e+00   -1.619020e+00   8.477052e-01   7.590116e-01   7.298578e-01
2.151515e+00   -1.615323e+00   8.454205e-01   8.217196e-01   9.147059e-01
2.154545e+00   -1.610185e+00   8.418788e-01   8.118089e-01   9.822622e-01
2.157576e+00   -1.607606e+00   8.394844e-01   8.479611e-01   1.166260e+00
2.160606e+00   -1.604814e+00   8.386965e-01   8.587912e-01   1.060635e+00
2.163636e+00   -1.601942e+00   8.375070e-01   8.947204e-01   1.034053e+00
2.166667e+00   -1.585335e+00   8.082849e-01   1.172803e+00   3.759443e+00
2.169697e+00   -1.589712e+00   8.225033e-01   1.112651e+00   2.577765e+00
2.172727e+00   -1.589653e+00   8.274459e-01   9.381328e-01   1.441533e+00
2.175758e+00   -1.585671e+00   8.244986e-01   9.810560e-01   1.483833e+00
2.178788e+00   -1.582471e+00   8.225443e-01   1.001037e+00   1.485157e+00
2.181818e+00   -1.579033e+00   8.211090e-01   1.037149e+00   1.498188e+00
2.184848e+00   -1.578522e+00   8.228215e-01   1.043411e+00   1.181578e+00
2.187879e+00   -1.576458e+00   8.219997e-01   1.085325e+00   1.306124e+00
2.190909e+00   -1.568198e+00   8.104791e-01   1.258548e+00   2.525643e+00
2.193939e+00   -1.564735e+00   8.103340e-01   1.227582e+00   1.991335e+00
2.196970e+00   -1.568347e+00   8.196147e-01   1.116092e+00   1.256264e+00
2.200000e+00   -1.565675e+00   8.176674e-01   1.144982e+00   1.329977e+00
2.203030e+00   -1.557099e+00   8.044766e-01   1.297162e+00   2.314671e+00
2.206061e+00   -1.550205e+00   7.956924e-01   1.476435e+00   3.287660e+00
2.209091e+00   -1.520896e+00   7.323789e-01   1.050468e+00   2.911691e+00
2.212121e+00   -1.536765e+00   7.828652e-01   1.525818e+00   3.331010e+00
2.215152e+00   -1.537403e+00   7.877102e-01   1.326632e+00   2.615784e+00
2.218182e+00   -1.531089e+00   7.824622e-01   1.417534e+00   3.206894e+00
2.221212e+00   -1.521728e+00   7.711623e-01   1.693994e+00   4.213905e+00
2.224242e+00   -1.511807e+00   7.617532e-01   1.686189e+00   4.363828e+00
2.227273e+00   -1.506503e+00   7.542898e-01   1.877939e+00   5.435891e+00
2.230303e+00   -1.513061e+00   7.674763e-01   1.680144e+00   4.368131e+00
2.233333e+00   -1.506699e+00   7.590067e-01   1.477129e+00   4.158542e+00
2.236364e+00   -1.494770e+00   7.302558e-01   2.319895e+00   1.350551e+01
2.239394e+00   -1.478190e+00   7.088609e-01   1.880248e+00   7.959758e+00
2.242424e+00   -1.456104e+00   6.022436e-01   1.328986e+00   1.566912e+01
2.245455e+00   -1.462569e+00   6.753565e-01   1.476548e+00   6.253771e+00
2.248485e+00   -1.445077e+00   6.344231e-01   2.115801e+00   1.042046e+01
2.251515e+00   -1.491638e+00   7.482207e-01   1.658395e+00   6.122163e+00
2.254545e+00   -1.483456e+00   7.350685e-01   1.697700e+00   7.112083e+00
2.257576e+00   -1.469915e+00   7.193165e-01   1.216060e+00   4.370700e+00
2.260606e+00   -1.492289e+00   7.590573e-01   1.340828e+00   3.350422e+00
2.263636e+00   -1.476049e+00   7.371479e-01   1.504783e+00   4.354489e+00
2.266667e+00   -1.474108e+00   7.400637e-01   1.460324e+00   3.866892e+00
2.269697e+00   -1.476985e+00   7.470217e-01   1.515042e+00   4.201711e+00
2.272727e+00   -1.466622e+00   7.355567e-01   1.467707e+00   4.306975e+00
2.275758e+00   -1.433298e+00   6.481401e-01   2.182635e+00   1.630365e+01
2.278788e+00   -1.443707e+00   6.906838e-01   1.138903e+00   4.322548e+00
2.281818e+00   -1.424078e+00   6.461748e-01   1.433595e+00   9.292291e+00
2.284848e+00   -1.434366e+00   6.927885e-01   1.836466e+00   7.089390e+00
2.287879e+00   -1.400925e+00   5.647151e-01   1.680895e+00   2.313640e+01
2.290909e+00   -1.434859e+00   7.068358e-01   1.621177e+00   4.556730e+00
2.293939e+00   -1.427781e+00   6.941168e-01   1.057554e+00   3.001392e+00
2.296970e+00   -1.424244e+00   6.875745e-01   1.636254e+00   5.493873e+00
2.300000e+00   -1.413271e+00   6.866132e-01   1.253754e+00   4.062683e+00
2.303030e+00   -1.381972e+00   5.880088e-01   1.476859e+00   2.358993e+01
2.306061e+00   -1.408144e+00   6.686490e-01   1.285009e+00   3.998987e+00
2.309091e+00   -1.397298e+00   6.492574e-01   1.165758e+00   4.435592e+00
2.312121e+00   -1.381358e+00   6.136937e-01   1.350904e+00   9.121103e+00
2.315152e+00   -1.405032e+00   6.732370e-01   1.033178e+00   3.647191e+00
2.318182e+00   -1.394395e+00   6.617477e-01   1.056200e+00   3.995827e+00
2.321212e+00   -1.369249e+00   5.813552e-01   1.047864e+00   8.517924e+00
2.324242e+00   -1.360071e+00   5.310906e-01   1.280359e+00   1.766078e+01
2.327273e+00   -1.360231e+00   5.514399e-01   1.258554e+00   1.564232e+01
2.330303e+00   -1.356435e+00   5.875887e-01   9.475054e-01   5.365422e+00
2.333333e+00   -1.339307e+00   5.529870e-01   1.360677e+00   1.519201e+01
2.336364e+00   -1.315408e+00   4.812018e-01   1.636758e+00   2.169438e+01
2.339394e+00   -1.322388e+00   5.444042e-01   1.421457e+00   1.207691e+01
2.342424e+00   -1.303940e+00   4.701359e-01   1.949315e+00   2.259893e+01
2.345455e+00   -1.331111e+00   5.194851e-01   1.737590e+00   2.017196e+01
2.348485e+00   -1.346883e+00   6.071498e-01   1.429977e+00   6.703216e+00
2.351515e+00   -1.324311e+00   5.248529e-01   1.785449e+00   3.572473e+01
2.354545e+00   -1.338600e+00   5.949655e-01   1.540027e+00   7.981650e+00
2.357576e+00   -1.315560e+00   4.863176e-01   2.120377e+00   3.751734e+01
2.360606e+00   -1.319739e+00   5.618881e-01   1.688249e+00   1.181820e+01
2.363636e+00   -1.269537e+00   3.491210e-01   1.673673e+00   4.571196e+01
2.366667e+00   -1.258559e+00   3.635614e-01   1.650725e+00   2.076532e+01
2.369697e+00   -1.251909e+00   2.808844e-01   1.793632e+00   4.148371e+01
2.372727e+00   -1.259470e+00   4.018426e-01   1.297784e+00   1.344179e+01
2.375758e+00   -1.219036e+00   2.226013e-01   1.363684e+00   4.266879e+01
2.378788e+00   -1.266797e+00   4.490781e-01   1.487767e+00   1.873512e+01
2.381818e+00   -1.231563e+00   3.303044e-01   1.423957e+00   1.879251e+01
2.384848e+00   -1.281129e+00   5.155147e-01   1.140321e+00   6.088581e+00
2.387879e+00   -1.225591e+00   2.540284e-01   1.590643e+00   4.516266e+01
2.390909e+00   -1.251108e+00   4.349137e-01   1.648120e+00   1.537317e+01
2.393939e+00   -1.239746e+00   3.848753e-01   1.646619e+00   2.404191e+01
2.396970e+00   -1.241078e+00   3.810733e-01   1.530394e+00   3.764361e+01
2.400000e+00   -1.237296e+00   3.508675e-01   1.202516e+00   3.826816e+01
