2.1000000000e+00   -1.7001908980e+00   9.0373636224e-01   6.4609473239e-01   1.9395834751e-01
2.1030303030e+00   -1.6975897245e+00   9.0275668197e-01   6.4546630203e-01   1.9389542478e-01
2.1060606061e+00   -1.6953159320e+00   9.0193667347e-01   6.5539996098e-01   1.9733888402e-01
2.1090909091e+00   -1.6936980680e+00   9.0136007313e-01   6.5515819804e-01   1.9888256995e-01
2.1121212121e+00   -1.6918437313e+00   9.0067906293e-01   6.5947788885e-01   2.0024402037e-01
2.1151515152e+00   -1.6897169252e+00   8.9985210544e-01   6.7189786765e-01   2.0665348818e-01
2.1181818182e+00   -1.6877476803e+00   8.9912521769e-01   6.7782204820e-01   2.0810884465e-01
2.1212121212e+00   -1.6860741599e+00   8.9850604422e-01   6.8949347623e-01   2.1257307300e-01
2.1242424242e+00   -1.6838028707e+00   8.9759962755e-01   6.8463949400e-01   2.1192109845e-01
2.1272727273e+00   -1.6820136122e+00   8.9696887415e-01   6.8502310775e-01   2.1437132182e-01
2.1303030303e+00   -1.6797747347e+00   8.9614857653e-01   6.8519964388e-01   2.1626357966e-01
2.1333333333e+00   -1.6774986565e+00   8.9528368367e-01   6.9529099932e-01   2.2002327769e-01
2.1363636364e+00   -1.6758652245e+00   8.9462723980e-01   6.9293554833e-01   2.2136697857e-01
2.1393939394e+00   -1.6734173673e+00   8.9369890476e-01   7.0253076769e-01   2.2616934531e-01
2.1424242424e+00   -1.6711406020e+00   8.9286657483e-01   7.1520793216e-01   2.3158581849e-01
2.1454545455e+00   -1.6686661259e+00   8.9194018537e-01   7.2567041366e-01   2.3589516969e-01
2.1484848485e+00   -1.6670569864e+00   8.9138469728e-01   7.2593614575e-01   2.3657327283e-01
2.1515151515e+00   -1.6644736463e+00   8.9039856463e-01   7.1581659382e-01   2.3404477249e-01
2.1545454545e+00   -1.6620162653e+00   8.8944465646e-01   7.3793911829e-01   2.4487785739e-01
2.1575757576e+00   -1.6596809218e+00   8.8856782823e-01   7.5608916425e-01   2.5186435595e-01
2.1606060606e+00   -1.6573551565e+00   8.8768301190e-01   7.3920056968e-01   2.4769945251e-01
2.1636363636e+00   -1.6549568129e+00   8.8676502721e-01   7.3920639120e-01   2.4967756841e-01
2.1666666667e+00   -1.6522948367e+00   8.8579814286e-01   7.2158913662e-01   2.4370008542e-01
2.1696969697e+00   -1.6500055306e+00   8.8485960884e-01   7.2644753632e-01   2.4729380657e-01
2.1727272727e+00   -1.6483720442e+00   8.8427465476e-01   7.3899832447e-01   2.5318019584e-01
2.1757575758e+00   -1.6472371599e+00   8.8386118197e-01   7.5345093821e-01   2.5839434058e-01
2.1787878788e+00   -1.6448885408e+00   8.8296151020e-01   7.6692047514e-01   2.6226156691e-01
2.1818181818e+00   -1.6423455000e+00   8.8200755782e-01   7.7845468488e-01   2.6771266914e-01
2.1848484848e+00   -1.6402346224e+00   8.8125935714e-01   7.5655571363e-01   2.5760166233e-01
2.1878787879e+00   -1.6372110884e+00   8.8014087245e-01   7.3472791923e-01   2.4987557136e-01
2.1909090909e+00   -1.6356777857e+00   8.7960613946e-01   7.3029019028e-01   2.4778263764e-01
2.1939393939e+00   -1.6342500816e+00   8.7907500340e-01   7.3307073383e-01   2.5067808840e-01
2.1969696970e+00   -1.6313524898e+00   8.7795507313e-01   7.6303087914e-01   2.6294516878e-01
2.2000000000e+00   -1.6288038095e+00   8.7705823980e-01   7.5662550880e-01   2.5980423510e-01
2.2030303030e+00   -1.6265645340e+00   8.7620954082e-01   7.5484138590e-01   2.6123854055e-01
2.2060606061e+00   -1.6233003163e+00   8.7491247789e-01   7.7373876859e-01   2.6702628492e-01
2.2090909091e+00   -1.6203403061e+00   8.7372948980e-01   7.8458903779e-01   2.7411239652e-01
2.2121212121e+00   -1.6174520544e+00   8.7261376531e-01   7.6384992521e-01   2.6703746616e-01
2.2151515152e+00   -1.6154620952e+00   8.7186840476e-01   7.8548188830e-01   2.7510864756e-01
2.2181818182e+00   -1.6130182755e+00   8.7092767517e-01   7.8972960373e-01   2.7859529181e-01
2.2212121212e+00   -1.6098207755e+00   8.6968106633e-01   7.9946647568e-01   2.8350303362e-01
2.2242424242e+00   -1.6075740714e+00   8.6877660204e-01   8.1469575814e-01   2.9011404867e-01
2.2272727273e+00   -1.6048634048e+00   8.6772355442e-01   8.1111007572e-01   2.8902633397e-01
2.2303030303e+00   -1.6025053980e+00   8.6686020578e-01   8.0703666216e-01   2.8895327688e-01
2.2333333333e+00   -1.6002983333e+00   8.6602348129e-01   7.9707535767e-01   2.8359260104e-01
2.2363636364e+00   -1.5973383844e+00   8.6499197449e-01   7.6550326325e-01   2.6707532198e-01
2.2393939394e+00   -1.5953358435e+00   8.6422808673e-01   7.5647997284e-01   2.6505530950e-01
2.2424242424e+00   -1.5925421803e+00   8.6314611054e-01   7.8839040129e-01   2.7606514613e-01
2.2454545455e+00   -1.5883229218e+00   8.6136926020e-01   8.2131074847e-01   2.9218184584e-01
2.2484848485e+00   -1.5858176327e+00   8.6042097789e-01   8.3157443716e-01   2.9781442153e-01
2.2515151515e+00   -1.5840467619e+00   8.5976238776e-01   8.3225888864e-01   2.9921684857e-01
2.2545454545e+00   -1.5817051463e+00   8.5882638265e-01   8.1948051635e-01   2.9404898795e-01
2.2575757576e+00   -1.5795777721e+00   8.5803740476e-01   8.2558243285e-01   2.9690617528e-01
2.2606060606e+00   -1.5766573912e+00   8.5682746939e-01   8.3027243758e-01   2.9877264280e-01
2.2636363636e+00   -1.5732902959e+00   8.5553973299e-01   8.2669502473e-01   3.0010008580e-01
2.2666666667e+00   -1.5704322993e+00   8.5440099320e-01   8.4991708489e-01   3.0878568361e-01
2.2696969697e+00   -1.5681512041e+00   8.5343442517e-01   8.5874814058e-01   3.1277768738e-01
2.2727272727e+00   -1.5655560306e+00   8.5247646429e-01   8.5075536514e-01   3.1026505074e-01
2.2757575758e+00   -1.5630680816e+00   8.5151011225e-01   8.5691245165e-01   3.1243215311e-01
2.2787878788e+00   -1.5605815102e+00   8.5053447959e-01   8.6234335850e-01   3.1767413544e-01
2.2818181818e+00   -1.5576468333e+00   8.4929988776e-01   8.5452258072e-01   3.1471570541e-01
2.2848484848e+00   -1.5547708367e+00   8.4802501701e-01   8.5840694871e-01   3.2301493909e-01
2.2878787879e+00   -1.5521548946e+00   8.4694673810e-01   8.5279654384e-01   3.2090966276e-01
2.2909090909e+00   -1.5492491497e+00   8.4570036054e-01   8.5841560660e-01   3.2197610820e-01
2.2939393939e+00   -1.5465156361e+00   8.4461615136e-01   8.6717432901e-01   3.2624344338e-01
2.2969696970e+00   -1.5445101939e+00   8.4385589626e-01   8.5979378895e-01   3.2590931843e-01
2.3000000000e+00   -1.5405624728e+00   8.4214166156e-01   9.0999886331e-01   3.5345382492e-01
2.3030303030e+00   -1.5387337721e+00   8.4147163265e-01   9.0615318109e-01   3.5254755608e-01
2.3060606061e+00   -1.5357490782e+00   8.4028076701e-01   9.1517874817e-01   3.5924918142e-01
2.3090909091e+00   -1.5329011973e+00   8.3916027721e-01   8.9122465856e-01   3.5212056410e-01
2.3121212121e+00   -1.5309354830e+00   8.3835021258e-01   8.9919395309e-01   3.6107866001e-01
2.3151515152e+00   -1.5291409762e+00   8.3771173469e-01   9.0362068499e-01   3.6232167835e-01
2.3181818182e+00   -1.5269786565e+00   8.3683816667e-01   9.0581782510e-01   3.6491615969e-01
2.3212121212e+00   -1.5235638878e+00   8.3539803061e-01   9.3141232702e-01   3.7897314568e-01
2.3242424242e+00   -1.5209457857e+00   8.3436913605e-01   9.2158920368e-01   3.7242679467e-01
2.3272727273e+00   -1.5181613776e+00   8.3328109014e-01   9.0948877555e-01   3.7186753278e-01
2.3303030303e+00   -1.5167157347e+00   8.3278008673e-01   9.2176744831e-01   3.7709599293e-01
2.3333333333e+00   -1.5139625850e+00   8.3170724490e-01   8.9889009687e-01   3.6628807615e-01
2.3363636364e+00   -1.5104701224e+00   8.3012394558e-01   9.2976374481e-01   3.7894975794e-01
2.3393939394e+00   -1.5095757109e+00   8.2988305612e-01   9.1105826327e-01   3.7020911192e-01
2.3424242424e+00   -1.5065452755e+00   8.2859917347e-01   8.8600615768e-01   3.5893127947e-01
2.3454545455e+00   -1.5036679422e+00   8.2748709184e-01   8.8563142878e-01   3.5507717179e-01
2.3484848485e+00   -1.5016976190e+00   8.2674718878e-01   8.8527825843e-01   3.5812736629e-01
2.3515151515e+00   -1.4987464490e+00   8.2559278231e-01   8.8697903913e-01   3.5590648984e-01
2.3545454545e+00   -1.4957275986e+00   8.2428622279e-01   8.7020659251e-01   3.5339322775e-01
2.3575757576e+00   -1.4942064762e+00   8.2370958673e-01   8.7204435920e-01   3.5552054095e-01
2.3606060606e+00   -1.4913337891e+00   8.2261246429e-01   8.8184238118e-01   3.5999436920e-01
2.3636363636e+00   -1.4877375714e+00   8.2103699490e-01   8.8296406291e-01   3.6537419960e-01
2.3666666667e+00   -1.4847534490e+00   8.1988522959e-01   8.7161149646e-01   3.6187330447e-01
2.3696969697e+00   -1.4816301565e+00   8.1858329252e-01   8.7102318193e-01   3.6269194034e-01
2.3727272727e+00   -1.4785759558e+00   8.1737490986e-01   8.7856385812e-01   3.6733933500e-01
2.3757575758e+00   -1.4760631837e+00   8.1642693537e-01   8.6960141400e-01   3.6634211805e-01
2.3787878788e+00   -1.4740640680e+00   8.1570240646e-01   8.8109713600e-01   3.7315791470e-01
2.3818181818e+00   -1.4718989592e+00   8.1486578231e-01   8.8569950482e-01   3.7851881500e-01
2.3848484848e+00   -1.4684929218e+00   8.1339423299e-01   9.0587485745e-01   3.9177781642e-01
2.3878787879e+00   -1.4669388231e+00   8.1277715306e-01   8.8712311605e-01   3.8566128148e-01
2.3909090909e+00   -1.4639954728e+00   8.1149675850e-01   8.9598797907e-01   3.8926336330e-01
2.3939393939e+00   -1.4609120068e+00   8.1021640816e-01   9.1455653435e-01   3.9889137870e-01
2.3969696970e+00   -1.4577815374e+00   8.0880376190e-01   9.1755157601e-01   4.0213866263e-01
2.4000000000e+00   -1.4555970374e+00   8.0789185544e-01   9.2883273303e-01   4.1063134328e-01
