2.1000000000e+00   -1.4733157437e+00   2.7469802284e-01   1.8165140536e+00   2.9440933797e+01
2.1030303030e+00   -1.5219671751e+00   4.3319588071e-01   3.6935465410e+00   6.3679995829e+01
2.1060606061e+00   -1.5725796929e+00   6.4753694162e-01   5.4439608885e+00   6.3749556165e+01
2.1090909091e+00   -1.6004732614e+00   7.3293639721e-01   4.8472626275e+00   4.9150030954e+01
2.1121212121e+00   -1.5295041447e+00   5.3366650127e-01   3.5902012548e+00   4.7983877668e+01
2.1151515152e+00   -1.5847486244e+00   6.9675167513e-01   5.2122554011e+00   5.9884184437e+01
2.1181818182e+00   -1.5035502614e+00   4.5852963452e-01   3.9729972634e+00   6.2898057361e+01
2.1212121212e+00   -1.4914679975e+00   4.4588080711e-01   3.3615621493e+00   5.2725607153e+01
2.1242424242e+00   -1.4950777005e+00   4.5571901015e-01   4.2095192255e+00   7.5927643561e+01
2.1272727273e+00   -1.5003777360e+00   5.0981278680e-01   3.5389143241e+00   4.2521131452e+01
2.1303030303e+00   -1.5479287386e+00   6.6346755076e-01   5.8760393433e+00   5.2608220202e+01
2.1333333333e+00   -1.4748483426e+00   3.4242706472e-01   2.3834391244e+00   4.0046746456e+01
2.1363636364e+00   -1.5803694112e+00   7.5202701777e-01   4.3764894570e+00   3.7776959206e+01
2.1393939394e+00   -1.4819370533e+00   4.2461557741e-01   4.2995615321e+00   7.1104103549e+01
2.1424242424e+00   -1.5670981954e+00   7.3715785533e-01   3.8940378399e+00   2.7204707228e+01
2.1454545455e+00   -1.5686623274e+00   7.3128665102e-01   3.9807553990e+00   3.1232159013e+01
2.1484848485e+00   -1.5694081142e+00   7.3954337183e-01   3.4754277827e+00   2.4167646166e+01
2.1515151515e+00   -1.5674922005e+00   7.3923785660e-01   3.5926434511e+00   2.5777121555e+01
2.1545454545e+00   -1.5269161777e+00   6.5048349239e-01   3.1941640412e+00   2.4517246159e+01
2.1575757576e+00   -1.5698858274e+00   7.6759301396e-01   3.3624498800e+00   2.0877489273e+01
2.1606060606e+00   -1.5681981827e+00   7.7065916878e-01   2.9483468255e+00   1.7774267788e+01
2.1636363636e+00   -1.5561969924e+00   7.6241569543e-01   2.9205749516e+00   1.6885874153e+01
2.1666666667e+00   -1.5429773401e+00   7.3709451142e-01   3.6243007168e+00   2.3315251163e+01
2.1696969697e+00   -1.5630271345e+00   7.8488281726e-01   3.2699012939e+00   1.4568557299e+01
2.1727272727e+00   -1.5615678299e+00   7.8369823858e-01   3.4431264992e+00   1.5186809943e+01
2.1757575758e+00   -1.5412499365e+00   7.5701017893e-01   3.2605634405e+00   1.4666731072e+01
2.1787878788e+00   -1.5327225812e+00   7.4704390355e-01   3.0087128465e+00   1.4036059849e+01
2.1818181818e+00   -1.5048029086e+00   6.7646555457e-01   3.0555517425e+00   2.1505575413e+01
2.1848484848e+00   -1.5134640152e+00   6.9988282107e-01   3.4329166884e+00   2.3810798764e+01
2.1878787879e+00   -1.4035378249e+00   1.8852609391e-01   1.6216826391e+00   7.3296115012e+00
2.1909090909e+00   -1.3948473553e+00   2.6269288452e-01   1.4877597719e+00   1.4173115999e+01
2.1939393939e+00   -1.5157666041e+00   7.1851650508e-01   3.0178727011e+00   1.9938479249e+01
2.1969696970e+00   -1.4987810254e+00   6.7011527665e-01   2.6647995787e+00   2.0580131249e+01
2.2000000000e+00   -1.4984662386e+00   6.8553913706e-01   2.7470382662e+00   1.6137662290e+01
2.2030303030e+00   -1.4727037970e+00   6.5380593909e-01   2.3456384567e+00   1.1904936210e+01
2.2060606061e+00   -1.4911915457e+00   6.5625490355e-01   3.2384750885e+00   2.4540764147e+01
2.2090909091e+00   -1.4560537843e+00   5.2037935279e-01   2.7391508815e+00   5.1169254391e+01
2.2121212121e+00   -1.3752258985e+00   1.6490843909e-01   1.3695183440e+00   1.6426090917e+01
2.2151515152e+00   -1.3806577462e+00   2.5720334518e-01   1.3300044647e+00   2.3217335302e+01
2.2181818182e+00   -1.3790980787e+00   2.2966204315e-01   1.2507766520e+00   1.1656867333e+01
2.2212121212e+00   -1.4057509086e+00   3.5246893401e-01   2.1910782005e+00   4.6923636137e+01
2.2242424242e+00   -1.3599054137e+00   9.4546034264e-02   1.1915242192e+00   3.3681877124e+00
2.2272727273e+00   -1.4193798503e+00   4.5794363452e-01   2.8562547102e+00   4.1034900161e+01
2.2303030303e+00   -1.3635631244e+00   2.6171750127e-01   1.6820247741e+00   2.0768079399e+01
2.2333333333e+00   -1.3600214518e+00   1.7610998096e-01   1.6329745686e+00   1.0141519808e+01
2.2363636364e+00   -1.4029731396e+00   4.4741549112e-01   2.8513208647e+00   4.5373166679e+01
2.2393939394e+00   -1.3354430990e+00   2.1124072208e-01   1.2618720313e+00   1.0381079585e+01
2.2424242424e+00   -1.4298318046e+00   5.4259991624e-01   3.4910780014e+00   4.2008979691e+01
2.2454545455e+00   -1.4012290127e+00   4.3872910787e-01   3.2680670916e+00   4.6489870556e+01
2.2484848485e+00   -1.4039433604e+00   4.5596738959e-01   2.9677601781e+00   3.5282557265e+01
2.2515151515e+00   -1.4029996193e+00   4.5700745558e-01   2.5183004067e+00   4.9762773261e+01
2.2545454545e+00   -1.3500895355e+00   3.6690386675e-01   2.1458127155e+00   3.6083468655e+01
2.2575757576e+00   -1.3471921091e+00   3.4996281980e-01   1.9444568217e+00   2.4218778666e+01
2.2606060606e+00   -1.3617905279e+00   4.4027758122e-01   2.7319790756e+00   3.8520391189e+01
2.2636363636e+00   -1.3850316015e+00   5.1393764975e-01   2.2810941525e+00   2.8011775369e+01
2.2666666667e+00   -1.3418943122e+00   3.7141228426e-01   2.2073057985e+00   3.0350240399e+01
2.2696969697e+00   -1.3162541624e+00   2.0878999873e-01   1.6882981508e+00   7.1949584660e+00
2.2727272727e+00   -1.3731802513e+00   5.2694171827e-01   2.6773735315e+00   2.9885811768e+01
2.2757575758e+00   -1.3011672310e+00   2.4840564848e-01   1.6046032539e+00   1.0747022228e+01
2.2787878788e+00   -1.3101068528e+00   2.7909737817e-01   1.7879809046e+00   3.0194247956e+01
2.2818181818e+00   -1.4095924213e+00   6.4319355457e-01   2.0354028366e+00   1.3514239429e+01
2.2848484848e+00   -1.3787233147e+00   5.5934396574e-01   1.8572679800e+00   1.2364405992e+01
2.2878787879e+00   -1.4007422640e+00   6.3652183122e-01   2.1663130556e+00   1.3855628912e+01
2.2909090909e+00   -1.3403989467e+00   3.7617180711e-01   1.3450158095e+00   3.3657986988e+00
2.2939393939e+00   -1.3348206650e+00   3.6294079442e-01   2.2895756940e+00   4.8730059389e+01
2.2969696970e+00   -1.3498893401e+00   4.3542069162e-01   1.6940780056e+00   3.2035853625e+01
2.3000000000e+00   -1.2926767716e+00   1.6344968274e-01   9.9129792529e-01   4.3451465062e+00
2.3030303030e+00   -1.3686579619e+00   5.7947383249e-01   1.7232533465e+00   1.0301233390e+01
2.3060606061e+00   -1.3616487741e+00   5.3516071574e-01   2.1426555266e+00   2.4689494675e+01
2.3090909091e+00   -1.3543205888e+00   5.7419848858e-01   2.1246138057e+00   1.4254902004e+01
2.3121212121e+00   -1.3149780406e+00   3.9814393655e-01   1.9159561566e+00   2.7752437530e+01
2.3151515152e+00   -1.2959513604e+00   4.0162715736e-01   1.4558129572e+00   8.7049469077e+00
2.3181818182e+00   -1.3046572310e+00   4.2380636421e-01   1.2904756017e+00   1.3253574264e+01
2.3212121212e+00   -1.2718280685e+00   3.2455791244e-01   1.6061159943e+00   1.7956485669e+01
2.3242424242e+00   -1.2462950533e+00   1.8446258629e-01   1.0586596613e+00   9.7282635241e+00
2.3272727273e+00   -1.3035323401e+00   4.7583073604e-01   1.3834347659e+00   5.5447302495e+00
2.3303030303e+00   -1.2571686853e+00   3.2072181726e-01   1.1068690486e+00   8.4888769073e+00
2.3333333333e+00   -1.2810538477e+00   3.4577033249e-01   1.3020924215e+00   1.5450867068e+01
2.3363636364e+00   -1.2812862132e+00   4.0331145558e-01   1.4939184442e+00   1.0146341444e+01
2.3393939394e+00   -1.2631924518e+00   3.3755324239e-01   1.4317980260e+00   1.5917849279e+01
2.3424242424e+00   -1.2842070482e+00   4.2330085533e-01   1.7067155025e+00   1.2845136675e+01
2.3454545455e+00   -1.2767954949e+00   3.8590180457e-01   2.0233608114e+00   2.2553460522e+01
2.3484848485e+00   -1.2403552462e+00   3.2570488198e-01   1.6689315355e+00   1.2940186265e+01
2.3515151515e+00   -1.2515692716e+00   3.3866273096e-01   1.5196048044e+00   1.7978706612e+01
2.3545454545e+00   -1.2467838528e+00   2.6303396066e-01   2.1546597082e+00   3.1717926371e+01
2.3575757576e+00   -1.2445038173e+00   3.2161811929e-01   1.8499441300e+00   2.0221980460e+01
2.3606060606e+00   -1.2267629670e+00   1.5626507487e-01   8.9146960327e-01   9.8250203604e+00
2.3636363636e+00   -1.2145634416e+00   1.8148861929e-01   1.1426391952e+00   9.1626463609e+00
2.3666666667e+00   -1.2216507970e+00   2.2009242259e-01   9.8831749427e-01   1.7899019286e+01
2.3696969697e+00   -1.2830774797e+00   4.9023944289e-01   1.9616733320e+00   1.8871735204e+01
2.3727272727e+00   -1.2546096269e+00   3.7049211421e-01   1.5398991970e+00   2.6180664294e+01
2.3757575758e+00   -1.2212793985e+00   3.1147548731e-01   1.1885710364e+00   1.0398259373e+01
2.3787878788e+00   -1.2207968096e+00   2.7931370178e-01   1.0418847606e+00   1.1282207350e+01
2.3818181818e+00   -1.2544712538e+00   4.4738581472e-01   1.4913644901e+00   9.8182861766e+00
2.3848484848e+00   -1.1950845812e+00   1.8244397462e-01   1.0881819526e+00   1.5483989320e+01
2.3878787879e+00   -1.2152253579e+00   3.1307334391e-01   1.7364045838e+00   1.9188363518e+01
2.3909090909e+00   -1.2038883756e+00   2.7684571447e-01   7.6376614956e-01   9.4942854734e+00
2.3939393939e+00   -1.2284779137e+00   3.9083427792e-01   1.3277118923e+00   1.1545803511e+01
2.3969696970e+00   -1.2331536904e+00   3.9653000635e-01   1.5460796282e+00   1.6405436546e+01
2.4000000000e+00   -1.1940182766e+00   2.3706345939e-01   1.1921111873e+00   8.0246439658e+00
