2.100000e+00   -1.663949e+00   8.713034e-01   9.636220e-01   7.959426e-01
2.104167e+00   -1.659909e+00   8.692560e-01   1.020505e+00   8.534851e-01
2.108333e+00   -1.656904e+00   8.680263e-01   9.679854e-01   7.723501e-01
2.112500e+00   -1.651144e+00   8.640022e-01   9.448396e-01   7.734066e-01
2.116667e+00   -1.645507e+00   8.602213e-01   9.584249e-01   8.662424e-01
2.120833e+00   -1.641378e+00   8.591282e-01   8.764053e-01   6.519820e-01
2.125000e+00   -1.636748e+00   8.553748e-01   8.662871e-01   6.974975e-01
2.129167e+00   -1.629771e+00   8.506825e-01   8.200863e-01   6.490540e-01
2.133333e+00   -1.623152e+00   8.447167e-01   9.133252e-01   8.175958e-01
2.137500e+00   -1.616190e+00   8.359285e-01   9.472214e-01   1.123991e+00
2.141667e+00   -1.611375e+00   8.333706e-01   1.011132e+00   1.346457e+00
2.145833e+00   -1.608852e+00   8.322431e-01   1.011479e+00   1.378661e+00
2.150000e+00   -1.602263e+00   8.267663e-01   1.038841e+00   1.379457e+00
2.154167e+00   -1.593069e+00   8.140386e-01   1.074407e+00   1.712899e+00
2.158333e+00   -1.586414e+00   8.113306e-01   1.189885e+00   1.561011e+00
2.162500e+00   -1.580147e+00   8.075487e-01   1.288036e+00   2.380219e+00
2.166667e+00   -1.570116e+00   7.924019e-01   1.536013e+00   3.704224e+00
2.170833e+00   -1.568941e+00   7.996901e-01   1.454210e+00   2.640700e+00
2.175000e+00   -1.572127e+00   8.094587e-01   1.203217e+00   1.702457e+00
2.179167e+00   -1.565302e+00   7.994418e-01   1.344252e+00   2.431478e+00
2.183333e+00   -1.554287e+00   7.765843e-01   1.494138e+00   4.504959e+00
2.187500e+00   -1.561287e+00   8.005544e-01   1.175709e+00   2.152391e+00
2.191667e+00   -1.556737e+00   7.922713e-01   1.131325e+00   2.629353e+00
2.195833e+00   -1.559141e+00   8.018754e-01   1.164025e+00   2.216015e+00
2.200000e+00   -1.515795e+00   7.201903e-01   1.334018e+00   3.622096e+00
2.100000e+00   -1.663949e+00   8.713034e-01   9.636220e-01   7.959426e-01
2.106122e+00   -1.659321e+00   8.695522e-01   9.502756e-01   7.314681e-01
2.112245e+00   -1.651533e+00   8.642268e-01   9.438020e-01   7.721019e-01
2.118367e+00   -1.644580e+00   8.610392e-01   8.914695e-01   6.631257e-01
2.124490e+00   -1.636422e+00   8.550561e-01   8.335379e-01   6.540043e-01
2.130612e+00   -1.627788e+00   8.494644e-01   8.075832e-01   6.374433e-01
2.136735e+00   -1.617357e+00   8.367757e-01   9.432071e-01   1.123460e+00
2.142857e+00   -1.609256e+00   8.317359e-01   1.035614e+00   1.432572e+00
2.148980e+00   -1.604201e+00   8.288824e-01   1.085156e+00   1.365807e+00
2.155102e+00   -1.591593e+00   8.124134e-01   1.147589e+00   1.919806e+00
2.161224e+00   -1.580461e+00   8.071088e-01   1.283987e+00   2.347019e+00
2.167347e+00   -1.569819e+00   7.920558e-01   1.547067e+00   3.755292e+00
2.173469e+00   -1.570576e+00   8.056852e-01   1.162934e+00   1.627447e+00
2.179592e+00   -1.564705e+00   7.991664e-01   1.331836e+00   2.415905e+00
2.185714e+00   -1.564509e+00   8.001633e-01   1.202130e+00   2.289585e+00
2.191837e+00   -1.556608e+00   7.922152e-01   1.133435e+00   2.629878e+00
2.197959e+00   -1.552289e+00   7.919097e-01   1.492874e+00   3.220482e+00
2.204082e+00   -1.549030e+00   7.920410e-01   1.242272e+00   2.602452e+00
2.210204e+00   -1.532114e+00   7.610718e-01   1.184363e+00   5.124228e+00
2.216327e+00   -1.536147e+00   7.894101e-01   1.226860e+00   2.280857e+00
2.222449e+00   -1.522567e+00   7.715162e-01   1.022852e+00   1.405054e+00
2.228571e+00   -1.509361e+00   7.585412e-01   1.141726e+00   1.816031e+00
2.234694e+00   -1.510505e+00   7.679124e-01   1.121762e+00   1.687657e+00
2.240816e+00   -1.501272e+00   7.547468e-01   1.595531e+00   5.053755e+00
2.246939e+00   -1.496896e+00   7.602542e-01   1.200167e+00   2.749680e+00
2.253061e+00   -1.459570e+00   6.814891e-01   1.385145e+00   7.764169e+00
2.259184e+00   -1.487797e+00   7.571835e-01   1.461144e+00   3.387765e+00
2.265306e+00   -1.444634e+00   6.642971e-01   2.060077e+00   1.310096e+01
2.271429e+00   -1.448928e+00   7.029639e-01   1.441397e+00   5.948909e+00
2.277551e+00   -1.405703e+00   5.793296e-01   2.431302e+00   2.634773e+01
2.283673e+00   -1.393979e+00   5.815773e-01   2.220170e+00   2.934836e+01
2.289796e+00   -1.408026e+00   6.480458e-01   1.962297e+00   9.198757e+00
2.295918e+00   -1.376983e+00   5.795605e-01   1.224384e+00   8.860356e+00
2.302041e+00   -1.366675e+00   5.376181e-01   1.515399e+00   1.787444e+01
2.308163e+00   -1.305527e+00   1.653799e-01   1.391131e+00   6.161564e+00
2.314286e+00   -1.335324e+00   4.305051e-01   1.759556e+00   2.707875e+01
2.320408e+00   -1.322560e+00   4.549056e-01   1.536657e+00   1.125807e+01
2.326531e+00   -1.325637e+00   4.800599e-01   1.644402e+00   1.518463e+01
2.332653e+00   -1.323647e+00   5.024615e-01   1.272731e+00   4.584885e+00
2.338776e+00   -1.287470e+00   2.677515e-01   1.220458e+00   4.262671e+01
2.344898e+00   -1.274173e+00   3.924077e-01   1.052991e+00   1.050294e+01
2.351020e+00   -1.294558e+00   4.129663e-01   2.030851e+00   6.597074e+01
2.357143e+00   -1.272135e+00   3.140712e-01   1.775217e+00   4.127896e+01
2.363265e+00   -1.282997e+00   4.220897e-01   1.915410e+00   1.664552e+01
2.369388e+00   -1.244276e+00   1.093442e-01   1.073453e+00   1.439551e+01
2.375510e+00   -1.261736e+00   3.988138e-01   1.076352e+00   1.091715e+01
2.381633e+00   -1.235634e+00   2.379898e-01   1.496223e+00   3.484882e+01
2.387755e+00   -1.213088e+00   9.953959e-02   1.168127e+00   3.834809e+00
2.393878e+00   -1.233029e+00   3.015514e-01   1.176549e+00   1.789033e+01
2.400000e+00   -1.197980e+00   1.532984e-01   8.094954e-01   1.057493e+01
2.100000e+00   -1.663949e+00   8.713034e-01   9.636220e-01   7.959426e-01
2.112500e+00   -1.651144e+00   8.640022e-01   9.448396e-01   7.734066e-01
2.125000e+00   -1.636748e+00   8.553748e-01   8.662871e-01   6.974975e-01
2.137500e+00   -1.616190e+00   8.359285e-01   9.472214e-01   1.123991e+00
2.150000e+00   -1.602263e+00   8.267663e-01   1.038841e+00   1.379457e+00
2.162500e+00   -1.580147e+00   8.075487e-01   1.288036e+00   2.380219e+00
2.175000e+00   -1.572127e+00   8.094587e-01   1.203217e+00   1.702457e+00
2.187500e+00   -1.561287e+00   8.005544e-01   1.175709e+00   2.152391e+00
2.200000e+00   -1.515795e+00   7.201903e-01   1.334018e+00   3.622096e+00
2.212500e+00   -1.533263e+00   7.703346e-01   1.184927e+00   3.857799e+00
2.225000e+00   -1.516047e+00   7.702565e-01   1.071107e+00   1.630346e+00
2.237500e+00   -1.507189e+00   7.639996e-01   1.347035e+00   3.594541e+00
2.250000e+00   -1.458426e+00   6.620743e-01   9.580559e-01   4.626190e+00
2.262500e+00   -1.456718e+00   7.028121e-01   1.651061e+00   4.159754e+00
2.275000e+00   -1.441529e+00   6.906721e-01   1.205414e+00   4.805231e+00
2.287500e+00   -1.396428e+00   6.108339e-01   1.810346e+00   1.205864e+01
2.300000e+00   -1.398357e+00   6.403195e-01   1.483322e+00   6.280521e+00
2.312500e+00   -1.334076e+00   4.518768e-01   1.233299e+00   5.429646e+00
2.325000e+00   -1.303757e+00   3.233803e-01   1.389558e+00   1.927974e+01
2.337500e+00   -1.289172e+00   1.659415e-01   1.314264e+00   9.426213e+00
2.350000e+00   -1.284284e+00   4.090471e-01   1.372956e+00   2.198232e+01
2.362500e+00   -1.260572e+00   1.401069e-01   1.788176e+00   1.272595e+01
2.375000e+00   -1.262743e+00   2.766473e-01   1.208549e+00   2.566969e+01
2.387500e+00   -1.229858e+00   2.281322e-01   1.464350e+00   1.299495e+01
2.400000e+00   -1.197980e+00   1.532984e-01   8.094954e-01   1.057493e+01
