2.100000e+00   -1.668797e+00   8.759481e-01   8.055304e-01   4.602602e-01
2.103030e+00   -1.663269e+00   8.717474e-01   8.199070e-01   5.152996e-01
2.106061e+00   -1.659944e+00   8.682739e-01   8.698728e-01   7.430334e-01
2.109091e+00   -1.654544e+00   8.634791e-01   8.637837e-01   8.632704e-01
2.112121e+00   -1.650032e+00   8.592242e-01   1.026836e+00   1.375965e+00
2.115152e+00   -1.652742e+00   8.665643e-01   9.223960e-01   7.111138e-01
2.118182e+00   -1.651159e+00   8.663234e-01   9.154330e-01   7.091923e-01
2.121212e+00   -1.647146e+00   8.637034e-01   9.796173e-01   7.955140e-01
2.124242e+00   -1.647410e+00   8.656675e-01   8.517968e-01   5.754645e-01
2.127273e+00   -1.643235e+00   8.629266e-01   8.439268e-01   5.680921e-01
2.130303e+00   -1.640235e+00   8.612484e-01   8.366036e-01   5.808769e-01
2.133333e+00   -1.635586e+00   8.578241e-01   8.853586e-01   6.683273e-01
2.136364e+00   -1.632867e+00   8.563366e-01   9.082493e-01   6.871200e-01
2.139394e+00   -1.628525e+00   8.533627e-01   9.458635e-01   7.110683e-01
2.142424e+00   -1.620590e+00   8.457726e-01   8.972489e-01   7.449092e-01
2.145455e+00   -1.618189e+00   8.450024e-01   9.009469e-01   7.532064e-01
2.148485e+00   -1.620653e+00   8.495052e-01   8.699733e-01   6.430978e-01
2.151515e+00   -1.614539e+00   8.443256e-01   9.371898e-01   8.580773e-01
2.154545e+00   -1.611495e+00   8.429142e-01   9.553550e-01   8.715991e-01
2.157576e+00   -1.608489e+00   8.402266e-01   9.749491e-01   9.149749e-01
2.160606e+00   -1.608740e+00   8.414338e-01   1.007678e+00   9.626931e-01
2.163636e+00   -1.604126e+00   8.376647e-01   1.156802e+00   1.238346e+00
2.166667e+00   -1.599795e+00   8.334058e-01   1.199710e+00   1.398689e+00
2.169697e+00   -1.596396e+00   8.311490e-01   1.177046e+00   1.380359e+00
2.172727e+00   -1.594245e+00   8.314310e-01   1.118263e+00   1.227594e+00
2.175758e+00   -1.593838e+00   8.329140e-01   1.102262e+00   1.177471e+00
2.178788e+00   -1.593823e+00   8.348461e-01   1.040869e+00   1.011358e+00
2.181818e+00   -1.587928e+00   8.307486e-01   1.094077e+00   1.070648e+00
2.184848e+00   -1.585975e+00   8.300264e-01   1.062791e+00   1.055395e+00
2.187879e+00   -1.580439e+00   8.261531e-01   1.087456e+00   1.065365e+00
2.190909e+00   -1.576044e+00   8.241504e-01   1.063890e+00   9.759349e-01
2.193939e+00   -1.572344e+00   8.207915e-01   1.149064e+00   1.139970e+00
2.196970e+00   -1.563033e+00   8.081041e-01   1.376424e+00   2.212814e+00
2.200000e+00   -1.558146e+00   7.994906e-01   1.485562e+00   3.596352e+00
2.203030e+00   -1.555356e+00   7.963521e-01   1.598076e+00   4.821907e+00
2.206061e+00   -1.562911e+00   8.171461e-01   1.093297e+00   1.065023e+00
2.209091e+00   -1.557824e+00   8.128273e-01   1.167329e+00   1.261364e+00
2.212121e+00   -1.540896e+00   7.884435e-01   1.658216e+00   3.510509e+00
2.215152e+00   -1.541569e+00   7.975742e-01   1.381722e+00   1.936425e+00
2.218182e+00   -1.540143e+00   7.978848e-01   1.393342e+00   1.788822e+00
2.221212e+00   -1.532129e+00   7.893976e-01   1.442317e+00   2.004129e+00
2.224242e+00   -1.531054e+00   7.912336e-01   1.399881e+00   1.852602e+00
2.227273e+00   -1.527376e+00   7.890378e-01   1.425946e+00   1.907657e+00
2.230303e+00   -1.511691e+00   7.696025e-01   1.255685e+00   2.062208e+00
2.233333e+00   -1.503477e+00   7.577431e-01   1.362115e+00   3.048907e+00
2.236364e+00   -1.512051e+00   7.779838e-01   1.388106e+00   1.912735e+00
2.239394e+00   -1.496167e+00   7.557660e-01   1.523485e+00   2.998892e+00
2.242424e+00   -1.491054e+00   7.391315e-01   1.453394e+00   4.615902e+00
2.245455e+00   -1.466386e+00   6.948505e-01   1.730130e+00   9.528687e+00
2.248485e+00   -1.448908e+00   6.542990e-01   1.613048e+00   9.476673e+00
2.251515e+00   -1.475696e+00   7.216455e-01   1.863558e+00   8.987564e+00
2.254545e+00   -1.466196e+00   7.003198e-01   1.586005e+00   7.922554e+00
2.257576e+00   -1.472984e+00   7.226860e-01   1.607741e+00   7.053849e+00
2.260606e+00   -1.477915e+00   7.338095e-01   1.405803e+00   5.157677e+00
2.263636e+00   -1.474899e+00   7.423231e-01   1.582464e+00   4.223114e+00
2.266667e+00   -1.472056e+00   7.439776e-01   1.470381e+00   2.983126e+00
2.269697e+00   -1.474398e+00   7.472616e-01   1.340752e+00   2.390748e+00
2.272727e+00   -1.403237e+00   5.870546e-01   1.514378e+00   1.001330e+01
2.275758e+00   -1.443228e+00   6.989786e-01   1.300527e+00   4.355441e+00
2.278788e+00   -1.350816e+00   3.559416e-01   1.872883e+00   3.208364e+01
2.281818e+00   -1.440423e+00   7.055712e-01   1.329070e+00   3.944019e+00
2.284848e+00   -1.449255e+00   7.286083e-01   1.400907e+00   2.615173e+00
2.287879e+00   -1.424039e+00   6.701137e-01   1.760324e+00   9.410302e+00
2.290909e+00   -1.346194e+00   3.896951e-01   1.657248e+00   2.627451e+01
2.293939e+00   -1.438392e+00   7.115571e-01   1.747983e+00   5.249565e+00
2.296970e+00   -1.431322e+00   7.071511e-01   1.801202e+00   4.219273e+00
2.300000e+00   -1.351374e+00   4.119724e-01   1.447243e+00   3.732126e+01
2.303030e+00   -1.396887e+00   6.300944e-01   1.172586e+00   6.479080e+00
2.306061e+00   -1.395007e+00   6.507841e-01   1.567939e+00   5.501546e+00
2.309091e+00   -1.383675e+00   5.945076e-01   1.630151e+00   9.361507e+00
2.312121e+00   -1.410692e+00   6.859131e-01   1.614842e+00   5.563952e+00
2.315152e+00   -1.334856e+00   4.896854e-01   1.890850e+00   2.449976e+01
2.318182e+00   -1.292942e+00   2.794309e-01   1.515911e+00   2.128775e+01
2.321212e+00   -1.353021e+00   5.525436e-01   2.295999e+00   1.825205e+01
2.324242e+00   -1.312229e+00   3.399712e-01   2.007197e+00   3.552427e+01
2.327273e+00   -1.324088e+00   5.031711e-01   1.223917e+00   9.267205e+00
2.330303e+00   -1.312302e+00   3.984186e-01   1.247618e+00   2.546305e+01
2.333333e+00   -1.336090e+00   5.446971e-01   1.707201e+00   1.222308e+01
2.336364e+00   -1.352994e+00   5.887536e-01   1.723634e+00   1.223342e+01
2.339394e+00   -1.373829e+00   6.491072e-01   1.753673e+00   6.607000e+00
2.342424e+00   -1.287259e+00   3.314072e-01   1.140633e+00   2.762191e+01
2.345455e+00   -1.308969e+00   5.031319e-01   1.699393e+00   1.482110e+01
2.348485e+00   -1.254964e+00   2.767076e-01   1.286085e+00   2.095295e+01
2.351515e+00   -1.256738e+00   2.753065e-01   1.324526e+00   2.689006e+01
2.354545e+00   -1.278514e+00   3.727543e-01   1.460332e+00   2.408344e+01
2.357576e+00   -1.280128e+00   4.150714e-01   1.087626e+00   1.053888e+01
2.360606e+00   -1.285386e+00   4.561508e-01   1.912358e+00   1.668418e+01
2.363636e+00   -1.270460e+00   4.225186e-01   1.659023e+00   1.909289e+01
2.366667e+00   -1.289024e+00   4.491294e-01   1.731467e+00   3.264457e+01
2.369697e+00   -1.271868e+00   4.160639e-01   1.162056e+00   2.802393e+01
2.372727e+00   -1.226188e+00   2.056476e-01   1.119175e+00   1.913947e+01
2.375758e+00   -1.308569e+00   5.691965e-01   1.077986e+00   5.454009e+00
2.378788e+00   -1.261663e+00   4.002392e-01   1.402240e+00   2.144321e+01
2.381818e+00   -1.241397e+00   3.426247e-01   1.190843e+00   1.823626e+01
2.384848e+00   -1.226792e+00   2.189754e-01   1.462960e+00   1.916886e+01
2.387879e+00   -1.244106e+00   3.001190e-01   1.159214e+00   2.421299e+01
2.390909e+00   -1.220971e+00   2.758339e-01   1.145722e+00   1.550513e+01
2.393939e+00   -1.204361e+00   1.782338e-01   7.942312e-01   6.852975e+00
2.396970e+00   -1.262797e+00   4.922755e-01   1.233276e+00   1.119857e+01
2.400000e+00   -1.222677e+00   3.550425e-01   1.139170e+00   1.174749e+01
