2.1000000000e+00   -1.6578573272e+00   8.6441446111e-01   8.8731926343e-01   8.1908824646e-01
2.1030303030e+00   -1.6539513469e+00   8.6199544259e-01   8.7091796497e-01   7.9931685327e-01
2.1060606061e+00   -1.6534956370e+00   8.6296484136e-01   7.9000932694e-01   6.0569648214e-01
2.1090909091e+00   -1.6520346235e+00   8.6265741790e-01   8.1023958985e-01   6.0871829330e-01
2.1121212121e+00   -1.6465523321e+00   8.5937915988e-01   7.7545524217e-01   5.6223769615e-01
2.1151515152e+00   -1.6471444531e+00   8.6064113951e-01   7.8140426952e-01   5.6330230566e-01
2.1181818182e+00   -1.6427898741e+00   8.5732768395e-01   7.7287697726e-01   6.1341973389e-01
2.1212121212e+00   -1.6404221679e+00   8.5582341420e-01   7.3494981815e-01   6.6361357789e-01
2.1242424242e+00   -1.6371441049e+00   8.5239418580e-01   8.3556088000e-01   8.8678286654e-01
2.1272727273e+00   -1.6368759062e+00   8.5383804691e-01   8.4824222021e-01   7.8211985085e-01
2.1303030303e+00   -1.6300771605e+00   8.4708928025e-01   8.2422070854e-01   7.2736644182e-01
2.1333333333e+00   -1.6255665284e+00   8.4308351790e-01   8.5329878160e-01   8.5678003195e-01
2.1363636364e+00   -1.6221642568e+00   8.4133688148e-01   8.7235306684e-01   8.8767243712e-01
2.1393939394e+00   -1.6164791407e+00   8.3630911728e-01   8.4206408098e-01   8.1984451428e-01
2.1424242424e+00   -1.6117133753e+00   8.3308928580e-01   7.9715439972e-01   7.7432192827e-01
2.1454545455e+00   -1.6112592691e+00   8.3520858333e-01   8.1271362088e-01   8.6640295677e-01
2.1484848485e+00   -1.6089205395e+00   8.3241170802e-01   7.9319496493e-01   9.5694555946e-01
2.1515151515e+00   -1.6063621556e+00   8.3082949630e-01   7.6930671728e-01   1.0008593688e+00
2.1545454545e+00   -1.6067907407e+00   8.3438363704e-01   7.3939359692e-01   8.1653534096e-01
2.1575757576e+00   -1.6017190259e+00   8.3026190802e-01   7.7977237131e-01   8.3685476683e-01
2.1606060606e+00   -1.5994989444e+00   8.2807176543e-01   8.5334836111e-01   1.0168255565e+00
2.1636363636e+00   -1.5937481988e+00   8.2096116790e-01   7.9476296970e-01   9.2076824993e-01
2.1666666667e+00   -1.5926069556e+00   8.2282092222e-01   7.9935821385e-01   8.3362912756e-01
2.1696969697e+00   -1.5895988704e+00   8.2005528395e-01   8.3813049539e-01   9.6475161628e-01
2.1727272727e+00   -1.5838034815e+00   8.1523739938e-01   8.0685428775e-01   9.2698706050e-01
2.1757575758e+00   -1.5871306753e+00   8.2287943333e-01   9.5455263788e-01   1.1960838348e+00
2.1787878788e+00   -1.5828295469e+00   8.2046852778e-01   9.4448458360e-01   1.0931545312e+00
2.1818181818e+00   -1.5820983160e+00   8.2302973457e-01   9.4622254153e-01   1.2160196473e+00
2.1848484848e+00   -1.5816249630e+00   8.2280190617e-01   1.0651009850e+00   1.6956144108e+00
2.1878787879e+00   -1.5815636753e+00   8.2279323025e-01   9.6162690344e-01   1.5754229552e+00
2.1909090909e+00   -1.5801082506e+00   8.2228487160e-01   9.6805606988e-01   1.6144955715e+00
2.1939393939e+00   -1.5781791580e+00   8.2152878951e-01   1.0146021103e+00   1.8630027541e+00
2.1969696970e+00   -1.5746458827e+00   8.1936908395e-01   1.0291121246e+00   1.9351387548e+00
2.2000000000e+00   -1.5673393000e+00   8.1276574877e-01   8.2044332898e-01   1.2683965485e+00
2.2030303030e+00   -1.5570208938e+00   8.0118405494e-01   1.1146580945e+00   2.4571125904e+00
2.2060606061e+00   -1.5491012753e+00   7.9407456914e-01   1.3441786440e+00   3.2734526960e+00
2.2090909091e+00   -1.5492407185e+00   7.9549713272e-01   1.3043361435e+00   3.0499953308e+00
2.2121212121e+00   -1.5411197914e+00   7.8329860000e-01   1.3250978066e+00   3.2758797528e+00
2.2151515152e+00   -1.5353919605e+00   7.7783421605e-01   1.5496920544e+00   3.5526298318e+00
2.2181818182e+00   -1.5375065395e+00   7.8356883210e-01   1.5546001387e+00   3.3934818770e+00
2.2212121212e+00   -1.5252421222e+00   7.6617067161e-01   2.0450312697e+00   6.7228731998e+00
2.2242424242e+00   -1.5293512802e+00   7.7309544198e-01   1.4243363227e+00   3.9243329588e+00
2.2272727273e+00   -1.5222144679e+00   7.6465262469e-01   1.3747361792e+00   3.3864553289e+00
2.2303030303e+00   -1.5208610975e+00   7.5841980802e-01   1.4445727156e+00   4.3675242816e+00
2.2333333333e+00   -1.5155299778e+00   7.5662278518e-01   1.4192623262e+00   3.2016848327e+00
2.2363636364e+00   -1.5228669333e+00   7.7389952840e-01   1.5704856010e+00   4.1757182933e+00
2.2393939394e+00   -1.4922951049e+00   7.3352604506e-01   1.6290408673e+00   4.0351124647e+00
2.2424242424e+00   -1.5086149790e+00   7.6271931605e-01   2.1355188626e+00   6.9904980377e+00
2.2454545455e+00   -1.4963394136e+00   7.5189311852e-01   1.5933321212e+00   3.0897903998e+00
2.2484848485e+00   -1.4942758235e+00   7.5470547284e-01   1.9898000969e+00   4.7492451043e+00
2.2515151515e+00   -1.4711849259e+00   7.2612531049e-01   1.4737271053e+00   2.9818286285e+00
2.2545454545e+00   -1.4910830938e+00   7.5563112901e-01   1.9944906017e+00   4.1476412124e+00
2.2575757576e+00   -1.4765924210e+00   7.2879336667e-01   1.5100309054e+00   2.2029578426e+00
2.2606060606e+00   -1.4892943012e+00   7.5808538148e-01   1.9090270915e+00   3.7807915100e+00
2.2636363636e+00   -1.4852764580e+00   7.5554182469e-01   1.8222395165e+00   3.5733204316e+00
2.2666666667e+00   -1.4694017457e+00   7.3155156728e-01   1.4265657758e+00   2.6792827479e+00
2.2696969697e+00   -1.4751122679e+00   7.4290041605e-01   1.5661393190e+00   2.8864824452e+00
2.2727272727e+00   -1.4750742272e+00   7.4725883395e-01   1.4240797089e+00   3.2565382624e+00
2.2757575758e+00   -1.4545314617e+00   7.0847146111e-01   1.1442122406e+00   2.2032383132e+00
2.2787878788e+00   -1.4509648148e+00   7.1278270062e-01   9.6491833492e-01   2.4582577085e+00
2.2818181818e+00   -1.4447094148e+00   7.0289859198e-01   1.0396960341e+00   3.0358020523e+00
2.2848484848e+00   -1.4476145457e+00   7.1169994506e-01   1.0399007679e+00   2.7084490597e+00
2.2878787879e+00   -1.4272535086e+00   6.8552765370e-01   1.6492577857e+00   5.7322578106e+00
2.2909090909e+00   -1.3897273642e+00   6.3490599753e-01   1.2700018332e+00   4.3770885748e+00
2.2939393939e+00   -1.4234844593e+00   6.9399236235e-01   1.0285154331e+00   3.0424493314e+00
2.2969696970e+00   -1.4280676815e+00   7.0055793333e-01   1.1301308455e+00   2.7782694661e+00
2.3000000000e+00   -1.4139320136e+00   6.7989887593e-01   1.5263845262e+00   4.7880520091e+00
2.3030303030e+00   -1.4354793173e+00   7.1937541667e-01   1.0224993247e+00   2.0943055761e+00
2.3060606061e+00   -1.4085954444e+00   6.6467214630e-01   1.3924831023e+00   6.6498793851e+00
2.3090909091e+00   -1.4037090840e+00   6.7636277037e-01   9.4246063184e-01   1.8835678427e+00
2.3121212121e+00   -1.3794796840e+00   6.4060052593e-01   1.3667748892e+00   5.2138980881e+00
2.3151515152e+00   -1.3809871247e+00   6.1424399444e-01   1.2388719708e+00   9.4307854962e+00
2.3181818182e+00   -1.3856734074e+00   6.5310046173e-01   1.0422561482e+00   2.4283353895e+00
2.3212121212e+00   -1.3896837321e+00   6.5402246728e-01   1.0235158982e+00   1.6290089248e+00
2.3242424242e+00   -1.3804841062e+00   6.2342622778e-01   1.3692914513e+00   8.1483353685e+00
2.3272727273e+00   -1.3846033568e+00   6.3800961790e-01   1.3817679419e+00   7.2446995428e+00
2.3303030303e+00   -1.3768401642e+00   6.4911263148e-01   1.0936887513e+00   2.3272403390e+00
2.3333333333e+00   -1.3437063173e+00   5.7793297593e-01   1.4352234046e+00   5.9869091831e+00
2.3363636364e+00   -1.3366727037e+00   5.5808855802e-01   1.4231061446e+00   8.3574011431e+00
2.3393939394e+00   -1.3572071185e+00   6.1327158457e-01   1.5425118715e+00   8.1367238108e+00
2.3424242424e+00   -1.3316264593e+00   5.4743553951e-01   1.9416286940e+00   1.7615541354e+01
2.3454545455e+00   -1.3342720321e+00   5.5053359938e-01   1.8014143690e+00   8.7765867601e+00
2.3484848485e+00   -1.3358642580e+00   5.4807390309e-01   1.5894085415e+00   5.4016488056e+00
2.3515151515e+00   -1.3492111901e+00   6.0485190617e-01   1.3357946557e+00   7.7668260404e+00
2.3545454545e+00   -1.3317762173e+00   5.4649269630e-01   1.5717731568e+00   1.5700453709e+01
2.3575757576e+00   -1.3441859025e+00   5.9020495741e-01   1.2818154698e+00   6.3961360081e+00
2.3606060606e+00   -1.2975462160e+00   4.5832652654e-01   1.6437301269e+00   2.3803740253e+01
2.3636363636e+00   -1.3005964321e+00   4.6419999630e-01   1.5250259865e+00   1.9891873513e+01
2.3666666667e+00   -1.3123989062e+00   4.9262522654e-01   1.6329176052e+00   1.2799210651e+01
2.3696969697e+00   -1.2790349654e+00   3.9329128642e-01   1.4968513783e+00   1.9175481952e+01
2.3727272727e+00   -1.2908440420e+00   4.5371167654e-01   1.4060319531e+00   2.0666416527e+01
2.3757575758e+00   -1.2662664086e+00   3.8000331914e-01   2.5028944175e+00   4.4208211147e+01
2.3787878788e+00   -1.2906757864e+00   5.0736173210e-01   1.5189612358e+00   4.4782967979e+00
2.3818181818e+00   -1.2657689654e+00   4.3522614815e-01   1.1958914675e+00   1.1858891868e+01
2.3848484848e+00   -1.2652070704e+00   4.4461508765e-01   1.1192579450e+00   4.7265393091e+00
2.3878787879e+00   -1.2660325284e+00   4.4261731358e-01   1.3238969029e+00   6.5129191984e+00
2.3909090909e+00   -1.2694328296e+00   3.9594690926e-01   1.4397322083e+00   2.6003669065e+01
2.3939393939e+00   -1.2510988765e+00   4.6626408951e-01   1.4044864355e+00   1.0862900128e+01
2.3969696970e+00   -1.2532150753e+00   4.4102194198e-01   1.1935087844e+00   1.2122163936e+01
2.4000000000e+00   -1.2270337852e+00   2.6360223272e-01   1.8201417174e+00   4.2644926718e+01
