2.100000e+00   -1.671710e+00   8.793083e-01   9.245918e-01   6.097474e-01
2.104167e+00   -1.668704e+00   8.782618e-01   9.019916e-01   5.736508e-01
2.108333e+00   -1.658506e+00   8.665328e-01   1.023247e+00   1.218261e+00
2.112500e+00   -1.655392e+00   8.683843e-01   1.014353e+00   8.760432e-01
2.116667e+00   -1.655349e+00   8.711870e-01   9.369091e-01   6.522220e-01
2.120833e+00   -1.650492e+00   8.669838e-01   9.715285e-01   8.530592e-01
2.125000e+00   -1.648203e+00   8.660899e-01   1.005915e+00   8.926814e-01
2.129167e+00   -1.646458e+00   8.666790e-01   1.030527e+00   7.997433e-01
2.133333e+00   -1.643612e+00   8.653215e-01   9.909825e-01   7.850915e-01
2.137500e+00   -1.638377e+00   8.616321e-01   9.824879e-01   8.209663e-01
2.141667e+00   -1.627936e+00   8.501691e-01   1.127152e+00   1.576607e+00
2.145833e+00   -1.626462e+00   8.532657e-01   1.041272e+00   1.113139e+00
2.150000e+00   -1.624900e+00   8.534026e-01   9.931679e-01   9.276226e-01
2.154167e+00   -1.618023e+00   8.449452e-01   1.043391e+00   1.424217e+00
2.158333e+00   -1.613463e+00   8.433212e-01   1.231956e+00   1.822793e+00
2.162500e+00   -1.610236e+00   8.423970e-01   1.200855e+00   1.741514e+00
2.166667e+00   -1.610863e+00   8.466626e-01   1.047885e+00   1.218342e+00
2.170833e+00   -1.605926e+00   8.438819e-01   1.029052e+00   1.150979e+00
2.175000e+00   -1.596351e+00   8.329752e-01   1.061573e+00   1.629694e+00
2.179167e+00   -1.594775e+00   8.359042e-01   1.027531e+00   1.279173e+00
2.183333e+00   -1.581682e+00   8.191093e-01   1.119871e+00   2.025244e+00
2.187500e+00   -1.576234e+00   8.140331e-01   1.147869e+00   2.234511e+00
2.191667e+00   -1.579191e+00   8.267851e-01   1.032204e+00   1.167095e+00
2.195833e+00   -1.569709e+00   8.132562e-01   1.314929e+00   2.615426e+00
2.200000e+00   -1.552430e+00   7.849017e-01   1.637466e+00   6.264656e+00
2.100000e+00   -1.671710e+00   8.793083e-01   9.245918e-01   6.097474e-01
2.106122e+00   -1.666415e+00   8.769373e-01   9.247568e-01   6.043784e-01
2.112245e+00   -1.655836e+00   8.686213e-01   1.023141e+00   8.813655e-01
2.118367e+00   -1.652423e+00   8.679268e-01   9.574711e-01   8.296486e-01
2.124490e+00   -1.648720e+00   8.662932e-01   1.002866e+00   8.946404e-01
2.130612e+00   -1.644575e+00   8.651366e-01   1.020923e+00   8.000179e-01
2.136735e+00   -1.638584e+00   8.616724e-01   9.854232e-01   8.225665e-01
2.142857e+00   -1.625608e+00   8.488231e-01   1.140461e+00   1.603548e+00
2.148980e+00   -1.625700e+00   8.538033e-01   9.936876e-01   9.301469e-01
2.155102e+00   -1.616748e+00   8.443144e-01   1.034590e+00   1.423056e+00
2.161224e+00   -1.612264e+00   8.440310e-01   1.206312e+00   1.730617e+00
2.167347e+00   -1.610107e+00   8.462173e-01   1.050374e+00   1.229862e+00
2.173469e+00   -1.597590e+00   8.334137e-01   1.080397e+00   1.714412e+00
2.179592e+00   -1.593875e+00   8.351811e-01   1.027719e+00   1.226196e+00
2.185714e+00   -1.575167e+00   8.092874e-01   1.179050e+00   3.139681e+00
2.191837e+00   -1.579068e+00   8.267361e-01   1.029269e+00   1.165845e+00
2.197959e+00   -1.555263e+00   7.872336e-01   1.544719e+00   5.420612e+00
2.204082e+00   -1.558769e+00   8.084146e-01   1.318848e+00   2.182743e+00
2.210204e+00   -1.548671e+00   8.039972e-01   1.398938e+00   1.998770e+00
2.216327e+00   -1.541234e+00   7.957310e-01   1.482237e+00   2.671973e+00
2.222449e+00   -1.509049e+00   7.381280e-01   1.844561e+00   7.100924e+00
2.228571e+00   -1.472832e+00   6.656206e-01   2.087852e+00   1.182651e+01
2.234694e+00   -1.507612e+00   7.532516e-01   1.687949e+00   5.999234e+00
2.240816e+00   -1.496245e+00   7.382506e-01   1.899865e+00   7.206395e+00
2.246939e+00   -1.493561e+00   7.498131e-01   1.610799e+00   4.689810e+00
2.253061e+00   -1.410809e+00   5.002507e-01   1.776385e+00   2.570560e+01
2.259184e+00   -1.471729e+00   7.263089e-01   1.580406e+00   5.311205e+00
2.265306e+00   -1.477475e+00   7.489115e-01   1.621953e+00   3.771136e+00
2.271429e+00   -1.451005e+00   7.013047e-01   1.809632e+00   8.913372e+00
2.277551e+00   -1.447716e+00   6.943357e-01   1.752324e+00   8.079848e+00
2.283673e+00   -1.378118e+00   5.116733e-01   1.779227e+00   2.639377e+01
2.289796e+00   -1.361672e+00   4.547298e-01   1.475919e+00   2.254907e+01
2.295918e+00   -1.393780e+00   5.820081e-01   1.506575e+00   2.712161e+01
2.302041e+00   -1.392408e+00   6.108786e-01   1.938769e+00   1.106036e+01
2.308163e+00   -1.352014e+00   4.797029e-01   1.814289e+00   3.305408e+01
2.314286e+00   -1.338365e+00   4.687496e-01   1.846535e+00   2.178103e+01
2.320408e+00   -1.314866e+00   4.307207e-01   1.564275e+00   2.402152e+01
2.326531e+00   -1.351215e+00   5.819273e-01   1.391648e+00   7.580387e+00
2.332653e+00   -1.332517e+00   5.404476e-01   1.582933e+00   9.396677e+00
2.338776e+00   -1.264218e+00   2.729281e-01   1.404064e+00   2.320557e+01
2.344898e+00   -1.298838e+00   4.298220e-01   1.433820e+00   2.420011e+01
2.351020e+00   -1.302562e+00   4.081247e-01   2.569265e+00   4.561746e+01
2.357143e+00   -1.291927e+00   4.797760e-01   2.492541e+00   2.539151e+01
2.363265e+00   -1.251931e+00   3.177136e-01   1.641653e+00   2.677351e+01
2.369388e+00   -1.272376e+00   4.226422e-01   1.272852e+00   2.202748e+01
2.375510e+00   -1.226579e+00   2.434667e-01   1.105249e+00   2.291979e+01
2.381633e+00   -1.266981e+00   4.529643e-01   1.880091e+00   2.148630e+01
2.387755e+00   -1.230838e+00   3.079956e-01   1.378638e+00   1.743285e+01
2.393878e+00   -1.225018e+00   3.403775e-01   1.081681e+00   2.166705e+01
2.400000e+00   -1.223665e+00   3.177070e-01   1.347242e+00   2.893471e+01
2.100000e+00   -1.671710e+00   8.793083e-01   9.245918e-01   6.097474e-01
2.112500e+00   -1.655392e+00   8.683843e-01   1.014353e+00   8.760432e-01
2.125000e+00   -1.648203e+00   8.660899e-01   1.005915e+00   8.926814e-01
2.137500e+00   -1.638377e+00   8.616321e-01   9.824879e-01   8.209663e-01
2.150000e+00   -1.624900e+00   8.534026e-01   9.931679e-01   9.276226e-01
2.162500e+00   -1.610236e+00   8.423970e-01   1.200855e+00   1.741514e+00
2.175000e+00   -1.596351e+00   8.329752e-01   1.061573e+00   1.629694e+00
2.187500e+00   -1.576234e+00   8.140331e-01   1.147869e+00   2.234511e+00
2.200000e+00   -1.552430e+00   7.849017e-01   1.637466e+00   6.264656e+00
2.212500e+00   -1.544038e+00   7.971277e-01   1.488030e+00   2.756189e+00
2.225000e+00   -1.478190e+00   6.729811e-01   2.316432e+00   1.445554e+01
2.237500e+00   -1.502762e+00   7.521472e-01   1.708112e+00   5.253815e+00
2.250000e+00   -1.489630e+00   7.499572e-01   1.578402e+00   4.326428e+00
2.262500e+00   -1.471778e+00   7.258235e-01   1.295708e+00   5.335137e+00
2.275000e+00   -1.462964e+00   7.258391e-01   1.784355e+00   6.080922e+00
2.287500e+00   -1.420914e+00   6.552425e-01   1.692762e+00   8.816855e+00
2.300000e+00   -1.364924e+00   5.188959e-01   2.058624e+00   2.992300e+01
2.312500e+00   -1.387594e+00   6.237493e-01   2.063170e+00   1.332658e+01
2.325000e+00   -1.316837e+00   4.084802e-01   1.809545e+00   3.839460e+01
2.337500e+00   -1.351422e+00   5.997652e-01   1.526839e+00   8.210853e+00
2.350000e+00   -1.337903e+00   5.847903e-01   1.864711e+00   1.240846e+01
2.362500e+00   -1.281915e+00   4.092239e-01   2.197294e+00   3.162943e+01
2.375000e+00   -1.226855e+00   2.489940e-01   9.370061e-01   1.074157e+01
2.387500e+00   -1.220548e+00   2.532589e-01   1.297166e+00   2.036438e+01
2.400000e+00   -1.223665e+00   3.177070e-01   1.347242e+00   2.893471e+01
