2.100000e+00   -1.670335e+00   8.789970e-01   8.932825e-01   5.080939e-01
2.103030e+00   -1.666603e+00   8.768020e-01   8.810433e-01   5.111860e-01
2.106061e+00   -1.665393e+00   8.765023e-01   9.025329e-01   5.559425e-01
2.109091e+00   -1.662476e+00   8.752160e-01   9.001627e-01   5.380395e-01
2.112121e+00   -1.660153e+00   8.740749e-01   8.852452e-01   5.291028e-01
2.115152e+00   -1.657239e+00   8.726162e-01   8.977399e-01   5.395730e-01
2.118182e+00   -1.655698e+00   8.720898e-01   8.973416e-01   5.388017e-01
2.121212e+00   -1.651951e+00   8.692931e-01   9.373387e-01   6.679509e-01
2.124242e+00   -1.649918e+00   8.683858e-01   9.650578e-01   6.903293e-01
2.127273e+00   -1.646404e+00   8.661470e-01   9.606526e-01   6.978347e-01
2.130303e+00   -1.642420e+00   8.629543e-01   9.534178e-01   7.628010e-01
2.133333e+00   -1.641027e+00   8.637683e-01   9.471973e-01   6.973702e-01
2.136364e+00   -1.637012e+00   8.606514e-01   9.927251e-01   7.987454e-01
2.139394e+00   -1.633048e+00   8.580354e-01   1.007244e+00   8.224273e-01
2.142424e+00   -1.630969e+00   8.575386e-01   1.005832e+00   8.050575e-01
2.145455e+00   -1.626470e+00   8.542009e-01   1.007547e+00   8.484011e-01
2.148485e+00   -1.625070e+00   8.535491e-01   1.001930e+00   8.584148e-01
2.151515e+00   -1.619989e+00   8.493553e-01   1.056297e+00   1.003953e+00
2.154545e+00   -1.618271e+00   8.497760e-01   1.003578e+00   8.717173e-01
2.157576e+00   -1.614734e+00   8.477344e-01   1.019275e+00   9.595980e-01
2.160606e+00   -1.613257e+00   8.478822e-01   1.005487e+00   8.868064e-01
2.163636e+00   -1.606669e+00   8.408101e-01   1.090288e+00   1.315427e+00
2.166667e+00   -1.605420e+00   8.431743e-01   1.077043e+00   9.805490e-01
2.169697e+00   -1.596848e+00   8.342183e-01   1.165654e+00   1.445480e+00
2.172727e+00   -1.593586e+00   8.333379e-01   1.129954e+00   1.261042e+00
2.175758e+00   -1.586886e+00   8.266557e-01   1.147016e+00   1.498014e+00
2.178788e+00   -1.587080e+00   8.292816e-01   1.165265e+00   1.385119e+00
2.181818e+00   -1.582134e+00   8.247945e-01   1.195865e+00   1.505671e+00
2.184848e+00   -1.580226e+00   8.239825e-01   1.222852e+00   1.541218e+00
2.187879e+00   -1.573603e+00   8.176541e-01   1.299583e+00   1.831075e+00
2.190909e+00   -1.564199e+00   8.064236e-01   1.300146e+00   2.323708e+00
2.193939e+00   -1.523958e+00   7.205752e-01   1.362581e+00   8.149813e+00
2.196970e+00   -1.532077e+00   7.310191e-01   1.611725e+00   1.205321e+01
2.200000e+00   -1.549427e+00   7.918152e-01   1.321315e+00   2.803181e+00
2.203030e+00   -1.538722e+00   7.776429e-01   1.451689e+00   4.643696e+00
2.206061e+00   -1.540329e+00   7.891141e-01   1.264695e+00   2.437762e+00
2.209091e+00   -1.526227e+00   7.660387e-01   1.505092e+00   3.763909e+00
2.212121e+00   -1.526591e+00   7.712154e-01   1.663600e+00   3.881980e+00
2.215152e+00   -1.521338e+00   7.645803e-01   1.563195e+00   3.760790e+00
2.218182e+00   -1.524006e+00   7.731887e-01   1.517137e+00   3.213309e+00
2.221212e+00   -1.502456e+00   7.334040e-01   1.507868e+00   4.371431e+00
2.224242e+00   -1.519945e+00   7.680154e-01   1.418641e+00   4.230409e+00
2.227273e+00   -1.516768e+00   7.672499e-01   1.424631e+00   3.341120e+00
2.230303e+00   -1.522708e+00   7.804043e-01   1.282086e+00   2.490944e+00
2.233333e+00   -1.516915e+00   7.734789e-01   1.365567e+00   2.982640e+00
2.236364e+00   -1.498507e+00   7.411006e-01   1.493006e+00   5.470479e+00
2.239394e+00   -1.493908e+00   7.455027e-01   1.447013e+00   4.178924e+00
2.242424e+00   -1.492158e+00   7.499575e-01   1.256329e+00   2.730437e+00
2.245455e+00   -1.487081e+00   7.437033e-01   1.167489e+00   2.595959e+00
2.248485e+00   -1.481987e+00   7.290279e-01   1.216547e+00   6.001991e+00
2.251515e+00   -1.464674e+00   6.906725e-01   1.416821e+00   8.266139e+00
2.254545e+00   -1.483100e+00   7.485540e-01   1.198684e+00   2.490420e+00
2.257576e+00   -1.464462e+00   7.035994e-01   1.235228e+00   6.835667e+00
2.260606e+00   -1.465954e+00   7.277339e-01   1.279342e+00   3.444891e+00
2.263636e+00   -1.466073e+00   7.286383e-01   1.263857e+00   3.078503e+00
2.266667e+00   -1.469264e+00   7.416655e-01   1.306257e+00   2.528703e+00
2.269697e+00   -1.439758e+00   6.705012e-01   1.840217e+00   1.012102e+01
2.272727e+00   -1.427150e+00   6.421586e-01   2.101169e+00   1.883604e+01
2.275758e+00   -1.433868e+00   6.778539e-01   1.669642e+00   7.394854e+00
2.278788e+00   -1.398985e+00   5.526686e-01   1.912558e+00   3.107995e+01
2.281818e+00   -1.411515e+00   6.339854e-01   1.228700e+00   7.374587e+00
2.284848e+00   -1.438459e+00   7.066525e-01   1.185954e+00   3.414070e+00
2.287879e+00   -1.417554e+00   6.793917e-01   1.198063e+00   3.261808e+00
2.290909e+00   -1.374503e+00   5.302845e-01   1.831620e+00   2.598250e+01
2.293939e+00   -1.410228e+00   6.420820e-01   1.162704e+00   6.671301e+00
2.296970e+00   -1.330490e+00   3.207861e-01   1.164044e+00   3.429266e+01
2.300000e+00   -1.418046e+00   6.807273e-01   1.206614e+00   5.184019e+00
2.303030e+00   -1.405918e+00   6.685131e-01   1.321809e+00   4.742527e+00
2.306061e+00   -1.381548e+00   6.025406e-01   1.342093e+00   9.584690e+00
2.309091e+00   -1.393411e+00   6.403998e-01   1.290150e+00   8.558629e+00
2.312121e+00   -1.360915e+00   5.825499e-01   1.552204e+00   8.593873e+00
2.315152e+00   -1.346647e+00   5.055688e-01   1.397045e+00   2.092087e+01
2.318182e+00   -1.328855e+00   4.155208e-01   1.406648e+00   2.459427e+01
2.321212e+00   -1.341352e+00   4.896817e-01   1.626900e+00   2.661893e+01
2.324242e+00   -1.306092e+00   3.450191e-01   1.471113e+00   3.789987e+01
2.327273e+00   -1.325438e+00   4.711439e-01   1.478882e+00   1.781851e+01
2.330303e+00   -1.326214e+00   5.380972e-01   1.521900e+00   1.052262e+01
2.333333e+00   -1.300846e+00   3.940998e-01   1.845624e+00   3.026364e+01
2.336364e+00   -1.327693e+00   5.521168e-01   1.233928e+00   7.196772e+00
2.339394e+00   -1.329171e+00   5.750840e-01   1.252371e+00   6.864129e+00
2.342424e+00   -1.271399e+00   2.996239e-01   1.033721e+00   1.820488e+01
2.345455e+00   -1.252053e+00   2.457811e-01   1.073482e+00   1.066680e+01
2.348485e+00   -1.292603e+00   4.496719e-01   1.163555e+00   1.358593e+01
2.351515e+00   -1.284606e+00   4.576092e-01   1.097032e+00   9.033549e+00
2.354545e+00   -1.234057e+00   1.715068e-01   1.076883e+00   1.463683e+01
2.357576e+00   -1.272151e+00   3.445452e-01   1.472243e+00   3.164540e+01
2.360606e+00   -1.246686e+00   2.447697e-01   1.124420e+00   2.395152e+01
2.363636e+00   -1.242996e+00   3.383126e-01   1.274822e+00   2.239638e+01
2.366667e+00   -1.266062e+00   4.285655e-01   1.655060e+00   1.953393e+01
2.369697e+00   -1.276914e+00   4.665708e-01   1.150514e+00   1.162696e+01
2.372727e+00   -1.265250e+00   4.005687e-01   1.269187e+00   2.090274e+01
2.375758e+00   -1.263942e+00   4.456393e-01   1.357153e+00   1.363780e+01
2.378788e+00   -1.251067e+00   3.295898e-01   1.279149e+00   2.412298e+01
2.381818e+00   -1.234517e+00   2.902525e-01   1.177025e+00   1.966021e+01
2.384848e+00   -1.223773e+00   2.641954e-01   1.157965e+00   2.011505e+01
2.387879e+00   -1.194232e+00   1.910613e-01   9.324802e-01   9.828832e+00
2.390909e+00   -1.259432e+00   4.861410e-01   1.402372e+00   1.054826e+01
2.393939e+00   -1.209624e+00   2.550335e-01   1.276476e+00   1.957789e+01
2.396970e+00   -1.207216e+00   1.999840e-01   1.341055e+00   2.416416e+01
2.400000e+00   -1.216003e+00   3.131232e-01   1.201804e+00   1.814515e+01
