  -0.0300   0.0050
  -0.0300   0.0050
  -0.0300   0.0050
  -0.0350   0.0037
  -0.0380   0.0030
  -0.0400   0.0025
  -0.0414   0.0029
  -0.0425   0.0031
  -0.0456   0.0028
  -0.0500   0.0030
  -0.0536   0.0027
  -0.0567   0.0025
  -0.0592   0.0023
  -0.0614   0.0025
  -0.0633   0.0023
  -0.0650   0.0025
  -0.0665   0.0026
  -0.0678   0.0025
  -0.0695   0.0026
  -0.0710   0.0025
  -0.0724   0.0026
  -0.0736   0.0027
  -0.0748   0.0028
  -0.0767   0.0031
  -0.0784   0.0032
  -0.0808   0.0031
  -0.0837   0.0031
  -0.0864   0.0032
  -0.0890   0.0031
  -0.0913   0.0030
  -0.0935   0.0031
  -0.0956   0.0031
  -0.0976   0.0032
  -0.1000   0.0031
  -0.1023   0.0031
  -0.1044   0.0032
  -0.1065   0.0032
  -0.1084   0.0034
  -0.1103   0.0036
  -0.1125   0.0039
  -0.1146   0.0041
  -0.1167   0.0043
  -0.1191   0.0043
  -0.1214   0.0043
  -0.1236   0.0044
  -0.1257   0.0047
  -0.1277   0.0048
  -0.1296   0.0048
  -0.1314   0.0049
  -0.1332   0.0050
  -0.1353   0.0052
  -0.1373   0.0054
  -0.1392   0.0055
  -0.1411   0.0055
  -0.1429   0.0055
  -0.1448   0.0057
  -0.1467   0.0059
  -0.1484   0.0059
  -0.1502   0.0061
  -0.1518   0.0063
  -0.1534   0.0063
  -0.1550   0.0064
  -0.1565   0.0064
  -0.1581   0.0066
  -0.1597   0.0067
  -0.1612   0.0068
  -0.1627   0.0069
  -0.1641   0.0070
  -0.1655   0.0070
  -0.1669   0.0069
  -0.1682   0.0069
  -0.1694   0.0069
  -0.1707   0.0068
  -0.1719   0.0069
  -0.1731   0.0070
  -0.1742   0.0070
  -0.1755   0.0071
  -0.1767   0.0072
  -0.1778   0.0073
  -0.1790   0.0073
  -0.1801   0.0073
  -0.1812   0.0073
  -0.1823   0.0073
  -0.1833   0.0073
  -0.1844   0.0072
  -0.1853   0.0072
  -0.1863   0.0071
  -0.1873   0.0070
  -0.1882   0.0070
  -0.1891   0.0070
  -0.1900   0.0070
  -0.1909   0.0070
  -0.1917   0.0069
  -0.1926   0.0069
  -0.1934   0.0068
  -0.1942   0.0068
  -0.1949   0.0068
  -0.1957   0.0068
  -0.1965   0.0068
  -0.1973   0.0069
  -0.1981   0.0070
  -0.1989   0.0071
  -0.1997   0.0071
  -0.2005   0.0072
  -0.2012   0.0073
  -0.2020   0.0074
  -0.2027   0.0074
  -0.2034   0.0075
  -0.2041   0.0075
  -0.2048   0.0076
  -0.2055   0.0077
  -0.2062   0.0078
  -0.2068   0.0079
  -0.2075   0.0081
  -0.2081   0.0083
  -0.2087   0.0084
  -0.2093   0.0086
  -0.2099   0.0088
  -0.2105   0.0090
  -0.2111   0.0092
  -0.2117   0.0093
  -0.2122   0.0095
  -0.2128   0.0096
  -0.2133   0.0097
  -0.2138   0.0098
  -0.2144   0.0098
  -0.2149   0.0099
  -0.2154   0.0100
  -0.2159   0.0101
  -0.2164   0.0102
  -0.2169   0.0103
  -0.2173   0.0105
  -0.2180   0.0105
  -0.2186   0.0106
  -0.2192   0.0107
  -0.2198   0.0107
  -0.2204   0.0108
  -0.2209   0.0108
  -0.2215   0.0108
  -0.2221   0.0108
  -0.2226   0.0108
  -0.2232   0.0107
  -0.2237   0.0107
  -0.2243   0.0107
  -0.2249   0.0107
  -0.2255   0.0107
  -0.2261   0.0107
  -0.2266   0.0107
  -0.2272   0.0106
  -0.2277   0.0106
  -0.2283   0.0106
  -0.2288   0.0105
  -0.2293   0.0105
  -0.2299   0.0104
  -0.2304   0.0103
  -0.2309   0.0103
  -0.2314   0.0103
  -0.2319   0.0102
  -0.2324   0.0102
  -0.2329   0.0101
  -0.2334   0.0101
  -0.2338   0.0101
  -0.2343   0.0100
  -0.2348   0.0100
  -0.2352   0.0100
  -0.2357   0.0100
  -0.2361   0.0099
  -0.2365   0.0099
  -0.2370   0.0099
  -0.2374   0.0099
  -0.2378   0.0099
  -0.2383   0.0098
  -0.2388   0.0098
  -0.2393   0.0098
  -0.2397   0.0098
  -0.2402   0.0097
  -0.2407   0.0097
  -0.2412   0.0096
  -0.2417   0.0096
  -0.2422   0.0095
  -0.2427   0.0095
  -0.2431   0.0095
  -0.2436   0.0094
  -0.2441   0.0094
  -0.2445   0.0093
  -0.2450   0.0093
  -0.2455   0.0092
  -0.2459   0.0092
  -0.2463   0.0091
  -0.2468   0.0091
  -0.2472   0.0091
  -0.2477   0.0091
  -0.2481   0.0091
  -0.2486   0.0091
  -0.2491   0.0091
  -0.2495   0.0091
  -0.2500   0.0091
  -0.2505   0.0091
  -0.2510   0.0091
  -0.2515   0.0092
  -0.2519   0.0092
  -0.2524   0.0092
  -0.2529   0.0093
  -0.2534   0.0093
  -0.2539   0.0093
  -0.2543   0.0094
  -0.2548   0.0094
  -0.2552   0.0095
  -0.2557   0.0095
  -0.2561   0.0096
  -0.2566   0.0097
  -0.2570   0.0097
  -0.2575   0.0097
  -0.2579   0.0097
  -0.2583   0.0098
  -0.2588   0.0098
  -0.2592   0.0098
  -0.2596   0.0098
  -0.2600   0.0098
  -0.2604   0.0098
  -0.2608   0.0098
  -0.2612   0.0099
  -0.2616   0.0099
  -0.2620   0.0100
  -0.2624   0.0100
  -0.2628   0.0101
  -0.2632   0.0102
  -0.2636   0.0102
  -0.2639   0.0103
  -0.2643   0.0103
  -0.2647   0.0104
  -0.2651   0.0104
  -0.2655   0.0105
  -0.2659   0.0106
  -0.2663   0.0107
  -0.2667   0.0108
  -0.2671   0.0109
  -0.2675   0.0110
  -0.2679   0.0112
  -0.2683   0.0112
  -0.2687   0.0113
  -0.2690   0.0114
  -0.2694   0.0115
  -0.2698   0.0116
  -0.2702   0.0117
  -0.2705   0.0118
  -0.2709   0.0119
  -0.2713   0.0121
  -0.2717   0.0122
  -0.2721   0.0123
  -0.2725   0.0124
  -0.2729   0.0124
  -0.2732   0.0125
  -0.2736   0.0126
  -0.2740   0.0127
  -0.2744   0.0128
  -0.2747   0.0128
  -0.2751   0.0129
  -0.2755   0.0130
  -0.2758   0.0131
  -0.2762   0.0132
  -0.2766   0.0133
  -0.2769   0.0134
  -0.2773   0.0136
  -0.2776   0.0137
  -0.2780   0.0138
  -0.2783   0.0139
  -0.2787   0.0140
  -0.2790   0.0141
  -0.2794   0.0142
  -0.2799   0.0143
  -0.2804   0.0143
  -0.2809   0.0144
  -0.2814   0.0145
  -0.2819   0.0146
  -0.2824   0.0147
  -0.2830   0.0148
  -0.2835   0.0149
  -0.2841   0.0150
  -0.2846   0.0151
  -0.2852   0.0152
  -0.2858   0.0153
  -0.2864   0.0154
  -0.2870   0.0155
  -0.2875   0.0156
  -0.2881   0.0157
  -0.2887   0.0158
  -0.2892   0.0159
  -0.2898   0.0159
  -0.2903   0.0160
  -0.2909   0.0161
  -0.2914   0.0161
  -0.2920   0.0162
  -0.2925   0.0163
  -0.2931   0.0164
  -0.2936   0.0166
  -0.2942   0.0167
  -0.2947   0.0168
  -0.2953   0.0169
  -0.2958   0.0170
  -0.2964   0.0172
  -0.2969   0.0173
  -0.2974   0.0174
  -0.2979   0.0176
  -0.2984   0.0177
  -0.2990   0.0179
  -0.2996   0.0181
  -0.3002   0.0182
  -0.3008   0.0184
  -0.3014   0.0186
  -0.3019   0.0187
  -0.3025   0.0189
  -0.3031   0.0190
  -0.3036   0.0192
  -0.3043   0.0193
  -0.3049   0.0195
  -0.3055   0.0196
  -0.3061   0.0198
  -0.3067   0.0199
  -0.3073   0.0201
  -0.3079   0.0203
  -0.3086   0.0205
  -0.3092   0.0207
  -0.3098   0.0209
  -0.3104   0.0210
  -0.3110   0.0212
  -0.3117   0.0214
  -0.3123   0.0216
  -0.3129   0.0218
  -0.3136   0.0220
  -0.3142   0.0222
  -0.3149   0.0224
  -0.3155   0.0226
  -0.3162   0.0229
  -0.3168   0.0231
  -0.3174   0.0233
  -0.3181   0.0235
  -0.3187   0.0237
  -0.3193   0.0239
  -0.3199   0.0241
  -0.3206   0.0243
  -0.3212   0.0245
  -0.3218   0.0247
  -0.3225   0.0249
  -0.3231   0.0251
  -0.3237   0.0253
  -0.3244   0.0255
  -0.3250   0.0257
  -0.3256   0.0259
  -0.3262   0.0261
  -0.3268   0.0263
  -0.3274   0.0265
  -0.3280   0.0266
  -0.3286   0.0268
  -0.3292   0.0270
  -0.3299   0.0272
  -0.3305   0.0274
  -0.3311   0.0276
  -0.3316   0.0278
  -0.3323   0.0280
  -0.3329   0.0282
  -0.3335   0.0285
  -0.3342   0.0287
  -0.3348   0.0289
  -0.3355   0.0292
  -0.3361   0.0294
  -0.3368   0.0296
  -0.3374   0.0299
  -0.3381   0.0301
  -0.3388   0.0304
  -0.3394   0.0306
  -0.3401   0.0308
  -0.3407   0.0310
  -0.3413   0.0313
  -0.3420   0.0315
  -0.3426   0.0317
  -0.3432   0.0319
  -0.3439   0.0322
  -0.3445   0.0324
  -0.3451   0.0326
  -0.3457   0.0329
  -0.3464   0.0331
  -0.3470   0.0334
  -0.3477   0.0336
  -0.3483   0.0339
  -0.3489   0.0341
  -0.3495   0.0343
  -0.3502   0.0346
  -0.3508   0.0348
  -0.3514   0.0350
  -0.3520   0.0352
  -0.3527   0.0355
  -0.3533   0.0357
  -0.3539   0.0359
  -0.3546   0.0362
  -0.3552   0.0364
  -0.3558   0.0366
  -0.3564   0.0368
  -0.3570   0.0371
  -0.3576   0.0373
  -0.3582   0.0375
  -0.3588   0.0378
  -0.3594   0.0380
  -0.3600   0.0382
  -0.3606   0.0385
  -0.3612   0.0387
  -0.3618   0.0389
  -0.3624   0.0392
  -0.3630   0.0394
  -0.3635   0.0396
  -0.3641   0.0399
  -0.3647   0.0401
  -0.3653   0.0403
  -0.3658   0.0406
  -0.3664   0.0408
  -0.3669   0.0410
  -0.3675   0.0412
  -0.3681   0.0414
  -0.3686   0.0416
  -0.3692   0.0418
  -0.3698   0.0421
  -0.3703   0.0423
  -0.3709   0.0425
  -0.3715   0.0427
  -0.3720   0.0429
  -0.3726   0.0432
  -0.3731   0.0434
  -0.3737   0.0436
  -0.3742   0.0438
  -0.3748   0.0440
  -0.3753   0.0442
  -0.3759   0.0444
  -0.3764   0.0446
  -0.3770   0.0448
  -0.3775   0.0450
  -0.3780   0.0452
  -0.3786   0.0454
  -0.3791   0.0456
  -0.3796   0.0458
  -0.3801   0.0460
  -0.3807   0.0462
  -0.3812   0.0464
  -0.3817   0.0466
  -0.3822   0.0468
  -0.3827   0.0470
  -0.3832   0.0472
  -0.3837   0.0474
  -0.3842   0.0477
  -0.3847   0.0479
  -0.3852   0.0481
  -0.3857   0.0483
  -0.3862   0.0485
  -0.3867   0.0487
  -0.3872   0.0489
  -0.3877   0.0491
  -0.3882   0.0493
  -0.3887   0.0496
  -0.3892   0.0498
  -0.3897   0.0500
  -0.3901   0.0502
  -0.3906   0.0504
  -0.3911   0.0507
  -0.3916   0.0509
  -0.3920   0.0511
  -0.3925   0.0513
  -0.3930   0.0515
  -0.3935   0.0517
  -0.3940   0.0519
  -0.3944   0.0521
  -0.3949   0.0524
  -0.3954   0.0525
  -0.3959   0.0527
  -0.3963   0.0529
  -0.3968   0.0531
  -0.3973   0.0533
  -0.3978   0.0536
  -0.3983   0.0538
  -0.3987   0.0540
  -0.3992   0.0542
  -0.3997   0.0544
  -0.4002   0.0546
  -0.4007   0.0548
  -0.4011   0.0549
  -0.4016   0.0551
  -0.4021   0.0553
  -0.4026   0.0555
  -0.4030   0.0557
  -0.4035   0.0559
  -0.4039   0.0561
  -0.4044   0.0563
  -0.4049   0.0564
  -0.4053   0.0566
  -0.4058   0.0568
  -0.4063   0.0570
  -0.4068   0.0572
  -0.4073   0.0574
  -0.4078   0.0576
  -0.4083   0.0578
  -0.4087   0.0580
  -0.4092   0.0582
  -0.4097   0.0584
  -0.4102   0.0586
  -0.4107   0.0588
  -0.4111   0.0591
  -0.4116   0.0593
  -0.4121   0.0595
  -0.4125   0.0597
  -0.4130   0.0599
  -0.4135   0.0601
  -0.4139   0.0603
  -0.4144   0.0605
  -0.4149   0.0608
  -0.4154   0.0610
  -0.4158   0.0612
  -0.4163   0.0614
  -0.4168   0.0616
  -0.4173   0.0618
  -0.4177   0.0620
  -0.4182   0.0622
  -0.4187   0.0624
  -0.4191   0.0626
  -0.4196   0.0628
  -0.4200   0.0630
  -0.4205   0.0632
  -0.4210   0.0634
  -0.4214   0.0636
  -0.4219   0.0638
  -0.4223   0.0640
  -0.4228   0.0642
  -0.4232   0.0644
  -0.4237   0.0645
  -0.4241   0.0647
  -0.4245   0.0649
  -0.4250   0.0651
  -0.4254   0.0653
  -0.4259   0.0655
  -0.4263   0.0656
  -0.4267   0.0658
  -0.4272   0.0660
  -0.4276   0.0661
  -0.4280   0.0663
  -0.4285   0.0665
  -0.4289   0.0666
  -0.4293   0.0668
  -0.4297   0.0669
  -0.4301   0.0671
  -0.4306   0.0672
  -0.4310   0.0674
  -0.4314   0.0676
  -0.4318   0.0677
  -0.4322   0.0679
  -0.4326   0.0680
  -0.4330   0.0682
  -0.4334   0.0683
  -0.4338   0.0684
  -0.4342   0.0686
  -0.4346   0.0687
  -0.4351   0.0689
  -0.4355   0.0690
  -0.4359   0.0692
  -0.4363   0.0693
  -0.4367   0.0695
  -0.4371   0.0697
  -0.4376   0.0698
  -0.4380   0.0700
  -0.4384   0.0701
  -0.4388   0.0703
  -0.4392   0.0704
  -0.4396   0.0705
  -0.4400   0.0707
  -0.4404   0.0708
  -0.4408   0.0709
  -0.4412   0.0710
  -0.4416   0.0712
  -0.4420   0.0713
  -0.4424   0.0714
  -0.4428   0.0715
  -0.4433   0.0717
  -0.4437   0.0718
  -0.4441   0.0719
  -0.4445   0.0720
  -0.4449   0.0722
  -0.4454   0.0723
  -0.4458   0.0724
  -0.4462   0.0726
  -0.4467   0.0727
  -0.4471   0.0729
  -0.4476   0.0730
  -0.4480   0.0732
  -0.4485   0.0733
  -0.4489   0.0735
  -0.4494   0.0736
  -0.4498   0.0738
  -0.4503   0.0739
  -0.4507   0.0740
  -0.4511   0.0742
  -0.4516   0.0743
  -0.4520   0.0744
  -0.4524   0.0746
  -0.4529   0.0747
  -0.4533   0.0749
  -0.4537   0.0750
  -0.4541   0.0751
  -0.4546   0.0753
  -0.4550   0.0754
  -0.4554   0.0755
  -0.4558   0.0756
  -0.4562   0.0758
  -0.4567   0.0759
  -0.4571   0.0760
  -0.4575   0.0761
  -0.4579   0.0762
  -0.4583   0.0764
  -0.4587   0.0765
  -0.4591   0.0767
  -0.4595   0.0768
  -0.4599   0.0769
  -0.4603   0.0770
  -0.4607   0.0772
  -0.4611   0.0773
  -0.4615   0.0774
  -0.4619   0.0775
  -0.4623   0.0777
  -0.4627   0.0778
  -0.4631   0.0779
  -0.4635   0.0781
  -0.4639   0.0782
  -0.4643   0.0783
  -0.4647   0.0785
  -0.4651   0.0786
  -0.4655   0.0787
  -0.4659   0.0788
  -0.4663   0.0790
  -0.4666   0.0791
  -0.4670   0.0792
  -0.4674   0.0794
  -0.4678   0.0795
  -0.4682   0.0796
  -0.4686   0.0798
  -0.4690   0.0799
  -0.4694   0.0801
  -0.4698   0.0802
  -0.4702   0.0803
  -0.4706   0.0805
  -0.4710   0.0806
  -0.4714   0.0807
  -0.4718   0.0809
  -0.4722   0.0810
  -0.4727   0.0811
  -0.4731   0.0813
  -0.4735   0.0814
  -0.4739   0.0815
  -0.4744   0.0817
  -0.4748   0.0818
  -0.4752   0.0820
  -0.4756   0.0821
  -0.4761   0.0823
  -0.4765   0.0824
  -0.4769   0.0826
  -0.4773   0.0827
  -0.4778   0.0829
  -0.4782   0.0830
  -0.4786   0.0832
  -0.4791   0.0833
  -0.4795   0.0835
  -0.4799   0.0836
  -0.4803   0.0838
  -0.4807   0.0839
  -0.4812   0.0841
  -0.4816   0.0842
  -0.4820   0.0844
  -0.4824   0.0845
  -0.4828   0.0847
  -0.4833   0.0848
  -0.4837   0.0849
  -0.4841   0.0851
  -0.4845   0.0852
  -0.4850   0.0854
  -0.4854   0.0855
  -0.4858   0.0857
  -0.4862   0.0858
  -0.4866   0.0860
  -0.4870   0.0861
  -0.4875   0.0863
  -0.4879   0.0864
  -0.4883   0.0866
  -0.4887   0.0867
  -0.4891   0.0869
  -0.4896   0.0870
  -0.4900   0.0872
  -0.4904   0.0873
  -0.4908   0.0875
  -0.4912   0.0877
  -0.4916   0.0878
  -0.4921   0.0880
  -0.4925   0.0881
  -0.4929   0.0883
  -0.4933   0.0884
  -0.4937   0.0886
  -0.4941   0.0888
  -0.4945   0.0889
  -0.4949   0.0891
  -0.4953   0.0892
  -0.4957   0.0894
  -0.4961   0.0895
  -0.4965   0.0897
  -0.4969   0.0899
  -0.4973   0.0900
  -0.4977   0.0902
  -0.4981   0.0904
  -0.4985   0.0905
  -0.4989   0.0907
  -0.4993   0.0909
  -0.4997   0.0910
  -0.5001   0.0912
  -0.5005   0.0914
  -0.5009   0.0916
  -0.5013   0.0918
  -0.5017   0.0920
  -0.5021   0.0922
  -0.5024   0.0924
  -0.5028   0.0925
  -0.5032   0.0927
  -0.5036   0.0929
  -0.5040   0.0931
  -0.5044   0.0933
  -0.5047   0.0935
  -0.5051   0.0936
  -0.5055   0.0938
  -0.5059   0.0940
  -0.5062   0.0942
  -0.5066   0.0944
  -0.5070   0.0945
  -0.5074   0.0947
  -0.5077   0.0949
  -0.5081   0.0951
  -0.5085   0.0953
  -0.5088   0.0954
  -0.5092   0.0956
  -0.5096   0.0958
  -0.5100   0.0960
  -0.5103   0.0962
  -0.5107   0.0963
  -0.5111   0.0965
  -0.5115   0.0967
  -0.5119   0.0969
  -0.5122   0.0971
  -0.5126   0.0973
  -0.5130   0.0974
  -0.5134   0.0976
  -0.5138   0.0978
  -0.5142   0.0980
  -0.5145   0.0981
  -0.5149   0.0983
  -0.5153   0.0985
  -0.5157   0.0987
  -0.5161   0.0988
  -0.5164   0.0990
  -0.5168   0.0992
  -0.5172   0.0994
  -0.5175   0.0995
  -0.5179   0.0997
  -0.5183   0.0999
  -0.5187   0.1000
  -0.5190   0.1002
  -0.5194   0.1004
  -0.5198   0.1005
  -0.5201   0.1007
  -0.5205   0.1009
  -0.5208   0.1010
  -0.5212   0.1012
  -0.5216   0.1014
  -0.5219   0.1015
  -0.5223   0.1017
  -0.5227   0.1019
  -0.5231   0.1020
  -0.5234   0.1022
  -0.5238   0.1024
  -0.5242   0.1025
  -0.5245   0.1027
  -0.5249   0.1028
  -0.5253   0.1030
  -0.5256   0.1032
  -0.5260   0.1033
  -0.5263   0.1035
  -0.5267   0.1037
  -0.5271   0.1039
  -0.5274   0.1040
  -0.5278   0.1042
  -0.5281   0.1043
  -0.5285   0.1045
  -0.5289   0.1047
  -0.5292   0.1048
  -0.5296   0.1050
  -0.5299   0.1052
  -0.5303   0.1054
  -0.5306   0.1055
  -0.5310   0.1057
  -0.5313   0.1059
  -0.5317   0.1061
  -0.5321   0.1062
  -0.5324   0.1064
  -0.5328   0.1066
  -0.5331   0.1068
  -0.5335   0.1069
  -0.5338   0.1071
  -0.5342   0.1073
  -0.5346   0.1075
  -0.5349   0.1076
  -0.5353   0.1078
  -0.5356   0.1080
  -0.5360   0.1081
  -0.5363   0.1083
  -0.5367   0.1085
  -0.5370   0.1087
  -0.5374   0.1088
  -0.5377   0.1090
  -0.5380   0.1092
  -0.5384   0.1093
  -0.5387   0.1095
  -0.5391   0.1097
  -0.5394   0.1098
  -0.5398   0.1100
  -0.5401   0.1102
  -0.5404   0.1103
  -0.5408   0.1105
  -0.5411   0.1107
  -0.5414   0.1109
  -0.5418   0.1110
  -0.5421   0.1112
  -0.5425   0.1113
  -0.5428   0.1115
  -0.5432   0.1117
  -0.5435   0.1119
  -0.5439   0.1120
  -0.5442   0.1122
  -0.5445   0.1124
  -0.5449   0.1125
  -0.5452   0.1127
  -0.5456   0.1129
  -0.5459   0.1131
  -0.5463   0.1132
  -0.5466   0.1134
  -0.5470   0.1136
  -0.5473   0.1138
  -0.5477   0.1139
  -0.5480   0.1141
  -0.5484   0.1143
  -0.5487   0.1144
  -0.5491   0.1146
  -0.5494   0.1147
  -0.5497   0.1149
  -0.5501   0.1151
  -0.5504   0.1153
  -0.5508   0.1154
  -0.5511   0.1156
  -0.5514   0.1158
  -0.5518   0.1160
  -0.5521   0.1161
  -0.5524   0.1163
  -0.5528   0.1165
  -0.5531   0.1166
  -0.5535   0.1168
  -0.5538   0.1170
  -0.5542   0.1172
  -0.5545   0.1173
  -0.5549   0.1175
  -0.5552   0.1177
  -0.5556   0.1179
  -0.5559   0.1180
  -0.5563   0.1182
  -0.5566   0.1184
  -0.5570   0.1186
  -0.5573   0.1187
  -0.5576   0.1189
  -0.5580   0.1191
  -0.5583   0.1193
  -0.5587   0.1195
  -0.5590   0.1197
  -0.5594   0.1198
  -0.5597   0.1200
  -0.5600   0.1202
  -0.5604   0.1204
  -0.5607   0.1206
  -0.5611   0.1208
  -0.5614   0.1209
  -0.5617   0.1211
  -0.5621   0.1213
  -0.5624   0.1215
  -0.5627   0.1217
  -0.5631   0.1219
  -0.5634   0.1221
  -0.5638   0.1223
  -0.5641   0.1224
  -0.5644   0.1226
  -0.5648   0.1228
  -0.5651   0.1230
  -0.5655   0.1232
  -0.5658   0.1234
  -0.5661   0.1236
  -0.5665   0.1238
  -0.5668   0.1240
  -0.5671   0.1242
  -0.5675   0.1244
  -0.5678   0.1246
  -0.5681   0.1247
  -0.5685   0.1249
  -0.5688   0.1251
  -0.5691   0.1253
  -0.5695   0.1255
  -0.5698   0.1257
  -0.5702   0.1259
  -0.5705   0.1261
  -0.5708   0.1262
  -0.5712   0.1264
  -0.5716   0.1266
  -0.5719   0.1268
  -0.5723   0.1270
  -0.5726   0.1272
  -0.5730   0.1274
  -0.5734   0.1276
  -0.5738   0.1278
  -0.5741   0.1280
  -0.5745   0.1282
  -0.5749   0.1284
  -0.5753   0.1286
  -0.5757   0.1288
  -0.5760   0.1291
  -0.5764   0.1293
  -0.5768   0.1295
  -0.5772   0.1297
  -0.5776   0.1299
  -0.5779   0.1301
  -0.5783   0.1303
  -0.5787   0.1306
  -0.5791   0.1308
  -0.5794   0.1310
  -0.5798   0.1312
  -0.5802   0.1314
  -0.5806   0.1317
  -0.5809   0.1319
  -0.5813   0.1321
  -0.5817   0.1323
  -0.5821   0.1326
  -0.5824   0.1328
  -0.5828   0.1330
  -0.5832   0.1332
  -0.5836   0.1334
  -0.5840   0.1336
  -0.5843   0.1338
  -0.5847   0.1340
  -0.5851   0.1342
  -0.5854   0.1345
  -0.5858   0.1347
  -0.5862   0.1349
  -0.5866   0.1351
  -0.5869   0.1353
  -0.5873   0.1355
  -0.5877   0.1357
  -0.5880   0.1359
  -0.5884   0.1361
  -0.5888   0.1362
  -0.5891   0.1364
  -0.5895   0.1366
  -0.5899   0.1368
  -0.5902   0.1370
  -0.5906   0.1372
  -0.5909   0.1374
  -0.5913   0.1376
  -0.5917   0.1378
  -0.5920   0.1380
  -0.5924   0.1382
  -0.5927   0.1384
  -0.5931   0.1386
  -0.5934   0.1388
  -0.5938   0.1389
  -0.5942   0.1391
  -0.5945   0.1393
  -0.5949   0.1395
  -0.5952   0.1397
  -0.5956   0.1399
  -0.5959   0.1400
  -0.5963   0.1402
  -0.5966   0.1404
  -0.5970   0.1406
  -0.5973   0.1408
  -0.5977   0.1410
  -0.5980   0.1411
  -0.5984   0.1413
  -0.5987   0.1415
  -0.5990   0.1417
  -0.5994   0.1419
  -0.5997   0.1421
  -0.6001   0.1423
  -0.6004   0.1424
  -0.6008   0.1426
  -0.6011   0.1428
  -0.6014   0.1430
  -0.6018   0.1432
  -0.6021   0.1434

