2.1000000000e+00   -1.6662528824e+00   8.7846936765e-01   1.2561036119e+00   6.9169099085e-01
2.1030303030e+00   -1.6664072059e+00   8.7879144118e-01   1.2660183782e+00   6.9456279483e-01
2.1060606061e+00   -1.6650319412e+00   8.7870486765e-01   1.2739403500e+00   6.9491889043e-01
2.1090909091e+00   -1.6631733235e+00   8.7793785294e-01   1.2775562682e+00   7.0184276559e-01
2.1121212121e+00   -1.6610088235e+00   8.7715335294e-01   1.2595452681e+00   6.8508566841e-01
2.1151515152e+00   -1.6581791471e+00   8.7610270588e-01   1.3210950492e+00   7.0059683792e-01
2.1181818182e+00   -1.6559997353e+00   8.7541970588e-01   1.3130621818e+00   6.9628204978e-01
2.1212121212e+00   -1.6517202353e+00   8.7379500000e-01   1.3838200612e+00   7.4661540261e-01
2.1242424242e+00   -1.6511755000e+00   8.7386610294e-01   1.4120215664e+00   7.3140527209e-01
2.1272727273e+00   -1.6525448235e+00   8.7629425000e-01   1.5292168434e+00   8.1436855349e-01
2.1303030303e+00   -1.6511134412e+00   8.7547964706e-01   1.5126262057e+00   8.0376991703e-01
2.1333333333e+00   -1.6470771176e+00   8.7384591176e-01   1.6041853728e+00   8.5849311900e-01
2.1363636364e+00   -1.6554376765e+00   8.7885314706e-01   1.5684028128e+00   8.5140494554e-01
2.1393939394e+00   -1.6530498824e+00   8.7793173529e-01   1.6720612374e+00   8.9221359399e-01
2.1424242424e+00   -1.6519728824e+00   8.7812744118e-01   1.8040950106e+00   9.4744424554e-01
2.1454545455e+00   -1.6489917647e+00   8.7584098529e-01   1.8765000459e+00   1.0759329249e+00
2.1484848485e+00   -1.6472192941e+00   8.7503294118e-01   1.8903633641e+00   1.0770743723e+00
2.1515151515e+00   -1.6450188235e+00   8.7436072059e-01   1.8159264962e+00   1.0386722782e+00
2.1545454545e+00   -1.6436218235e+00   8.7386283824e-01   1.8132282120e+00   1.0413566540e+00
2.1575757576e+00   -1.6421860294e+00   8.7336233824e-01   1.8215482092e+00   1.0459621774e+00
2.1606060606e+00   -1.6408874706e+00   8.7296514706e-01   1.8220927402e+00   1.0470673744e+00
2.1636363636e+00   -1.6383955882e+00   8.7167460294e-01   1.8027641345e+00   1.0296551815e+00
2.1666666667e+00   -1.6340805000e+00   8.6861014706e-01   1.8307243893e+00   1.0995137103e+00
2.1696969697e+00   -1.6243570882e+00   8.6441252941e-01   1.9712928776e+00   1.1869772681e+00
2.1727272727e+00   -1.6189397353e+00   8.6266625000e-01   1.8253552829e+00   1.1183874821e+00
2.1757575758e+00   -1.6163275000e+00   8.6170282353e-01   1.7867445935e+00   1.1010279584e+00
2.1787878788e+00   -1.6109328824e+00   8.5929794118e-01   1.8901042822e+00   1.1549224739e+00
2.1818181818e+00   -1.6013225000e+00   8.5396236765e-01   1.8722039000e+00   1.1226472416e+00
2.1848484848e+00   -1.5983246176e+00   8.5188044118e-01   1.7641912235e+00   1.0943173478e+00
2.1878787879e+00   -1.5970957941e+00   8.5103289706e-01   1.7547420679e+00   1.0867072195e+00
2.1909090909e+00   -1.5929706471e+00   8.5029083824e-01   1.5454568098e+00   9.3642950976e-01
2.1939393939e+00   -1.5829309706e+00   8.4522255882e-01   1.5351841219e+00   9.3970035658e-01
2.1969696970e+00   -1.5782090294e+00   8.4289039706e-01   1.5948291883e+00   9.8256614974e-01
2.2000000000e+00   -1.5746458529e+00   8.4132658824e-01   1.6479833082e+00   1.0135851725e+00
2.2030303030e+00   -1.5791530588e+00   8.4418992647e-01   1.3331689369e+00   7.5799641823e-01
2.2060606061e+00   -1.5711122941e+00   8.4001205882e-01   1.2154425939e+00   7.0855514416e-01
2.2090909091e+00   -1.5694374706e+00   8.3952008824e-01   1.1902258997e+00   6.8481463728e-01
2.2121212121e+00   -1.5671021765e+00   8.3840088235e-01   1.1703405843e+00   6.7506474685e-01
2.2151515152e+00   -1.5645425000e+00   8.3871717647e-01   1.1196298674e+00   5.7995976271e-01
2.2181818182e+00   -1.5608151176e+00   8.3706261765e-01   1.2007217122e+00   6.2732176734e-01
2.2212121212e+00   -1.5578323529e+00   8.3453407353e-01   1.2158213447e+00   6.2741275091e-01
2.2242424242e+00   -1.5350425882e+00   8.1949479412e-01   1.0186537991e+00   5.8466168941e-01
2.2272727273e+00   -1.5337923529e+00   8.1903852941e-01   9.9906995183e-01   5.7038693844e-01
2.2303030303e+00   -1.5339592941e+00   8.1975719118e-01   9.9252701320e-01   5.8829198898e-01
2.2333333333e+00   -1.5378368529e+00   8.2209460294e-01   1.0314733749e+00   6.2024439700e-01
2.2363636364e+00   -1.5354318529e+00   8.2132886765e-01   1.0370184211e+00   5.8868252640e-01
2.2393939394e+00   -1.5410178235e+00   8.2797727941e-01   1.0944413041e+00   5.9638847356e-01
2.2424242424e+00   -1.5398505294e+00   8.2788079412e-01   1.0349397846e+00   5.5486842402e-01
2.2454545455e+00   -1.5379753529e+00   8.2766866176e-01   1.0717552006e+00   5.6270644741e-01
2.2484848485e+00   -1.5362653529e+00   8.2693841176e-01   1.1543592770e+00   6.0473794032e-01
2.2515151515e+00   -1.5244288824e+00   8.2109323529e-01   1.3798416963e+00   7.6241630233e-01
2.2545454545e+00   -1.5246985000e+00   8.2142283824e-01   1.4395051578e+00   7.7765102592e-01
2.2575757576e+00   -1.5231740588e+00   8.2070045588e-01   1.4097839614e+00   7.6090394603e-01
2.2606060606e+00   -1.5116173529e+00   8.1555758824e-01   1.3685725870e+00   7.7797355310e-01
2.2636363636e+00   -1.5083971176e+00   8.1369311765e-01   1.4319965764e+00   8.3090372293e-01
2.2666666667e+00   -1.5039130000e+00   8.1142030882e-01   1.3197088692e+00   7.6326551632e-01
2.2696969697e+00   -1.4988268529e+00   8.0809801471e-01   1.2755634587e+00   7.6014364047e-01
2.2727272727e+00   -1.4933932647e+00   8.0540839706e-01   1.1864072040e+00   6.8862750944e-01
2.2757575758e+00   -1.4898566471e+00   8.0414316176e-01   1.1034212856e+00   6.4118715761e-01
2.2787878788e+00   -1.4932882059e+00   8.0632623529e-01   1.1381991790e+00   7.0681407583e-01
2.2818181818e+00   -1.4913823529e+00   8.0570314706e-01   1.1504861121e+00   7.0859594524e-01
2.2848484848e+00   -1.4822354412e+00   8.0140264706e-01   1.2086167141e+00   7.3327985491e-01
2.2878787879e+00   -1.4806302353e+00   8.0074973529e-01   1.1761713601e+00   7.2513590142e-01
2.2909090909e+00   -1.4802076471e+00   8.0055689706e-01   1.1209547116e+00   6.6234617498e-01
2.2939393939e+00   -1.4756017059e+00   7.9796827941e-01   1.0587273630e+00   6.1232693518e-01
2.2969696970e+00   -1.4709547941e+00   7.9560451471e-01   1.1477084241e+00   6.6635050479e-01
2.3000000000e+00   -1.4618567647e+00   7.9130982353e-01   1.3411125760e+00   7.8213203732e-01
2.3030303030e+00   -1.4619947941e+00   7.9143282353e-01   1.2976665567e+00   7.7462381067e-01
2.3060606061e+00   -1.4631095882e+00   7.9325550000e-01   1.3040783293e+00   7.9360155429e-01
2.3090909091e+00   -1.4632569706e+00   7.9409460294e-01   1.3685789643e+00   8.1570799255e-01
2.3121212121e+00   -1.4629806765e+00   7.9342347059e-01   1.4568735580e+00   8.9273329250e-01
2.3151515152e+00   -1.4618322353e+00   7.9231127941e-01   1.4582251138e+00   9.3840169401e-01
2.3181818182e+00   -1.4593287647e+00   7.9087242647e-01   1.5546347615e+00   9.9529060222e-01
2.3212121212e+00   -1.4561360294e+00   7.9012685294e-01   1.5672288929e+00   1.0021390257e+00
2.3242424242e+00   -1.4571788824e+00   7.9163004412e-01   1.1755206129e+00   6.7447206312e-01
2.3272727273e+00   -1.4545932059e+00   7.9053902941e-01   1.1845833545e+00   6.8577070925e-01
2.3303030303e+00   -1.4528814412e+00   7.8990494118e-01   1.2127453546e+00   7.0086217414e-01
2.3333333333e+00   -1.4522144412e+00   7.8959191176e-01   1.1836290902e+00   7.1639347627e-01
2.3363636364e+00   -1.4496690882e+00   7.8865177941e-01   1.2805626037e+00   7.6377406295e-01
2.3393939394e+00   -1.4480857059e+00   7.8946973529e-01   1.4847651014e+00   8.3421714072e-01
2.3424242424e+00   -1.4402888824e+00   7.8462952941e-01   1.4433216935e+00   8.6577391826e-01
2.3454545455e+00   -1.4388090294e+00   7.8404726471e-01   1.4338893846e+00   8.6187120353e-01
2.3484848485e+00   -1.4389822941e+00   7.8432061765e-01   1.4813512183e+00   9.2796474803e-01
2.3515151515e+00   -1.4364269118e+00   7.8312113235e-01   1.3591994052e+00   8.8712826843e-01
2.3545454545e+00   -1.4340287059e+00   7.8295345588e-01   1.3063644931e+00   8.1721789545e-01
2.3575757576e+00   -1.4295592353e+00   7.8083239706e-01   1.2373742723e+00   7.6381731220e-01
2.3606060606e+00   -1.4277633824e+00   7.8020366176e-01   1.2155454316e+00   7.5298121410e-01
2.3636363636e+00   -1.4241373824e+00   7.7845339706e-01   1.2019371615e+00   7.4570385272e-01
2.3666666667e+00   -1.4225740000e+00   7.7735566176e-01   1.3200484540e+00   8.9872786654e-01
2.3696969697e+00   -1.4277585882e+00   7.7865327941e-01   1.2299941198e+00   8.2792822376e-01
2.3727272727e+00   -1.4362247353e+00   7.8532722059e-01   1.1951361914e+00   7.2282599324e-01
2.3757575758e+00   -1.4320331471e+00   7.8312022059e-01   1.1693243400e+00   7.1052591133e-01
2.3787878788e+00   -1.4172004706e+00   7.7559222059e-01   1.3714038076e+00   8.4522052505e-01
2.3818181818e+00   -1.4094106471e+00   7.6903869118e-01   1.4788739853e+00   1.1433588088e+00
2.3848484848e+00   -1.4042564706e+00   7.6653229412e-01   1.4557341338e+00   1.1200655186e+00
2.3878787879e+00   -1.4062288529e+00   7.6825255882e-01   1.3810699559e+00   1.0161651232e+00
2.3909090909e+00   -1.4040574412e+00   7.6730007353e-01   1.3732459819e+00   1.0435244919e+00
2.3939393939e+00   -1.3974397353e+00   7.6368892647e-01   1.3983630323e+00   1.0626080853e+00
2.3969696970e+00   -1.3974678824e+00   7.6306595588e-01   1.5038190220e+00   1.1872838305e+00
2.4000000000e+00   -1.3940797647e+00   7.6113427941e-01   1.5189657491e+00   1.2107528249e+00
