2.1000000000e+00   -1.6775896182e+00   8.9317221726e-01   1.5623687237e+01   6.4590737460e+00
2.1030303030e+00   -1.6750644762e+00   8.9222495493e-01   1.5545727613e+01   6.4422702674e+00
2.1060606061e+00   -1.6720585808e+00   8.9108519133e-01   1.5528111747e+01   6.4601798739e+00
2.1090909091e+00   -1.6702745561e+00   8.9040901318e-01   1.5647703868e+01   6.5521745863e+00
2.1121212121e+00   -1.6683782466e+00   8.8971951190e-01   1.5570924794e+01   6.5456373673e+00
2.1151515152e+00   -1.6657743350e+00   8.8871024490e-01   1.5368686666e+01   6.4784561296e+00
2.1181818182e+00   -1.6633449133e+00   8.8783138010e-01   1.5202976827e+01   6.4306881951e+00
2.1212121212e+00   -1.6619353257e+00   8.8733565901e-01   1.5097107407e+01   6.3990993997e+00
2.1242424242e+00   -1.6589024864e+00   8.8613317347e-01   1.5009733551e+01   6.3749332079e+00
2.1272727273e+00   -1.6567633980e+00   8.8533372917e-01   1.5134186750e+01   6.4526248466e+00
2.1303030303e+00   -1.6542952389e+00   8.8447097959e-01   1.5084865678e+01   6.4348036516e+00
2.1333333333e+00   -1.6519952662e+00   8.8362171769e-01   1.4898668838e+01   6.3782746903e+00
2.1363636364e+00   -1.6502189855e+00   8.8299955612e-01   1.4798512289e+01   6.3555695573e+00
2.1393939394e+00   -1.6466808180e+00   8.8166254294e-01   1.4799902350e+01   6.3744394737e+00
2.1424242424e+00   -1.6444765697e+00   8.8087158206e-01   1.4526650247e+01   6.2809484222e+00
2.1454545455e+00   -1.6410340604e+00   8.7945255570e-01   1.4367339954e+01   6.2238862641e+00
2.1484848485e+00   -1.6386586913e+00   8.7856814201e-01   1.4205634435e+01   6.1818560967e+00
2.1515151515e+00   -1.6368298503e+00   8.7792102934e-01   1.4096696709e+01   6.1482796474e+00
2.1545454545e+00   -1.6348088316e+00   8.7705986607e-01   1.4137498234e+01   6.2134783471e+00
2.1575757576e+00   -1.6328720570e+00   8.7632721046e-01   1.4257589834e+01   6.2721508383e+00
2.1606060606e+00   -1.6305878878e+00   8.7547233376e-01   1.4135753524e+01   6.2354406775e+00
2.1636363636e+00   -1.6285926386e+00   8.7473456675e-01   1.4138266974e+01   6.2554516655e+00
2.1666666667e+00   -1.6265421216e+00   8.7390999320e-01   1.4228947996e+01   6.3025681253e+00
2.1696969697e+00   -1.6247371675e+00   8.7324674532e-01   1.4158540962e+01   6.2814225694e+00
2.1727272727e+00   -1.6228057832e+00   8.7255678954e-01   1.4005376587e+01   6.2485952088e+00
2.1757575758e+00   -1.6196421207e+00   8.7131018410e-01   1.3956837064e+01   6.2445705786e+00
2.1787878788e+00   -1.6169712177e+00   8.7026859736e-01   1.3788569408e+01   6.1831819088e+00
2.1818181818e+00   -1.6150668427e+00   8.6951112628e-01   1.3523667488e+01   6.0851832540e+00
2.1848484848e+00   -1.6125945034e+00   8.6855670578e-01   1.3554572125e+01   6.1091191087e+00
2.1878787879e+00   -1.6100301752e+00   8.6756435884e-01   1.3412655001e+01   6.0407927191e+00
2.1909090909e+00   -1.6077159371e+00   8.6666268452e-01   1.3369625664e+01   6.0314048572e+00
2.1939393939e+00   -1.6055278180e+00   8.6575002168e-01   1.3394978434e+01   6.0479747701e+00
2.1969696970e+00   -1.6020311582e+00   8.6440508546e-01   1.3288513213e+01   6.0219107390e+00
2.2000000000e+00   -1.5988423410e+00   8.6316982143e-01   1.3137734686e+01   5.9698074911e+00
2.2030303030e+00   -1.5953478554e+00   8.6181691667e-01   1.3062603663e+01   5.9602554526e+00
2.2060606061e+00   -1.5927029226e+00   8.6074403274e-01   1.2927098567e+01   5.9169251743e+00
2.2090909091e+00   -1.5898944532e+00   8.5962936522e-01   1.2937597404e+01   5.9568987487e+00
2.2121212121e+00   -1.5866168656e+00   8.5829720621e-01   1.2769609844e+01   5.9041015866e+00
2.2151515152e+00   -1.5840917364e+00   8.5736277679e-01   1.2660435669e+01   5.8640365533e+00
2.2181818182e+00   -1.5817207891e+00   8.5654348980e-01   1.2590863286e+01   5.8614648708e+00
2.2212121212e+00   -1.5793194940e+00   8.5566363690e-01   1.2384409565e+01   5.7851337773e+00
2.2242424242e+00   -1.5773833172e+00   8.5497768027e-01   1.2397443203e+01   5.8095035631e+00
2.2272727273e+00   -1.5749702364e+00   8.5410389796e-01   1.2331706397e+01   5.7979203271e+00
2.2303030303e+00   -1.5726443963e+00   8.5318043707e-01   1.2205959017e+01   5.7527149124e+00
2.2333333333e+00   -1.5701090986e+00   8.5216379932e-01   1.2090819063e+01   5.7045513494e+00
2.2363636364e+00   -1.5676859201e+00   8.5118339498e-01   1.2034887188e+01   5.6849201764e+00
2.2393939394e+00   -1.5651297594e+00   8.5016354507e-01   1.2045486841e+01   5.7189049156e+00
2.2424242424e+00   -1.5631443903e+00   8.4946287713e-01   1.2004260875e+01   5.7094380916e+00
2.2454545455e+00   -1.5607122670e+00   8.4862932993e-01   1.1884022937e+01   5.6469106025e+00
2.2484848485e+00   -1.5578932143e+00   8.4746804167e-01   1.1741476771e+01   5.5938452902e+00
2.2515151515e+00   -1.5561844243e+00   8.4680736012e-01   1.1706348927e+01   5.5758411140e+00
2.2545454545e+00   -1.5531289328e+00   8.4559836947e-01   1.1768293037e+01   5.6337489118e+00
2.2575757576e+00   -1.5507193163e+00   8.4464697789e-01   1.1734306442e+01   5.6245653085e+00
2.2606060606e+00   -1.5487115068e+00   8.4385769898e-01   1.1801865312e+01   5.7073364619e+00
2.2636363636e+00   -1.5461099031e+00   8.4287809651e-01   1.1840473244e+01   5.7292671732e+00
2.2666666667e+00   -1.5434713724e+00   8.4193781930e-01   1.1739492003e+01   5.6944535490e+00
2.2696969697e+00   -1.5411397976e+00   8.4091132228e-01   1.1673354244e+01   5.6710144608e+00
2.2727272727e+00   -1.5382384872e+00   8.3973653614e-01   1.1605565693e+01   5.6457674985e+00
2.2757575758e+00   -1.5354127857e+00   8.3854510842e-01   1.1716165798e+01   5.7239953111e+00
2.2787878788e+00   -1.5320646514e+00   8.3723240306e-01   1.1586925838e+01   5.6740231899e+00
2.2818181818e+00   -1.5290207721e+00   8.3602379379e-01   1.1467172736e+01   5.6258408073e+00
2.2848484848e+00   -1.5272933614e+00   8.3539984056e-01   1.1336785729e+01   5.5847414342e+00
2.2878787879e+00   -1.5237055264e+00   8.3399549872e-01   1.1242544625e+01   5.5573733876e+00
2.2909090909e+00   -1.5210198435e+00   8.3295993665e-01   1.1023167873e+01   5.4630005967e+00
2.2939393939e+00   -1.5187611352e+00   8.3209719133e-01   1.1048187065e+01   5.4796188913e+00
2.2969696970e+00   -1.5172825034e+00   8.3157929592e-01   1.1075354130e+01   5.5051699976e+00
2.3000000000e+00   -1.5159041241e+00   8.3125906845e-01   1.0943757251e+01   5.4810598816e+00
2.3030303030e+00   -1.5131284337e+00   8.3020811054e-01   1.0932166800e+01   5.4914171194e+00
2.3060606061e+00   -1.5111153512e+00   8.2947025765e-01   1.0830205628e+01   5.4501841293e+00
2.3090909091e+00   -1.5082122815e+00   8.2827595366e-01   1.0695649384e+01   5.3925272592e+00
2.3121212121e+00   -1.5054222789e+00   8.2714794175e-01   1.0654543454e+01   5.3882522213e+00
2.3151515152e+00   -1.5028996403e+00   8.2617634141e-01   1.0565793952e+01   5.3578296769e+00
2.3181818182e+00   -1.5009038631e+00   8.2543051573e-01   1.0472393687e+01   5.3078260986e+00
2.3212121212e+00   -1.4983339005e+00   8.2435221939e-01   1.0443078267e+01   5.3088608027e+00
2.3242424242e+00   -1.4967568554e+00   8.2364980782e-01   1.0402977618e+01   5.2891953798e+00
2.3272727273e+00   -1.4953497083e+00   8.2323253529e-01   1.0317506100e+01   5.2586713473e+00
2.3303030303e+00   -1.4926669396e+00   8.2201323384e-01   1.0592105761e+01   5.4050478678e+00
2.3333333333e+00   -1.4902674218e+00   8.2111797874e-01   1.0627994208e+01   5.4312556147e+00
2.3363636364e+00   -1.4879037168e+00   8.2023781378e-01   1.0693038336e+01   5.4883393824e+00
2.3393939394e+00   -1.4862970714e+00   8.1966312245e-01   1.0719815443e+01   5.5194513891e+00
2.3424242424e+00   -1.4843739379e+00   8.1881704464e-01   1.0742040440e+01   5.5533897506e+00
2.3454545455e+00   -1.4824438937e+00   8.1805561565e-01   1.0710018458e+01   5.5626642043e+00
2.3484848485e+00   -1.4793280485e+00   8.1667968325e-01   1.0859768629e+01   5.6541546485e+00
2.3515151515e+00   -1.4773074107e+00   8.1591576403e-01   1.0746307728e+01   5.6135416891e+00
2.3545454545e+00   -1.4730293342e+00   8.1396489243e-01   1.0509475101e+01   5.5084840983e+00
2.3575757576e+00   -1.4698341531e+00   8.1264365689e-01   1.0283912601e+01   5.4002367855e+00
2.3606060606e+00   -1.4676563206e+00   8.1176674150e-01   1.0175001161e+01   5.3719922096e+00
2.3636363636e+00   -1.4645682126e+00   8.1049571514e-01   1.0100655572e+01   5.3389653288e+00
2.3666666667e+00   -1.4625149770e+00   8.0968046131e-01   1.0069035553e+01   5.3466003466e+00
2.3696969697e+00   -1.4606384694e+00   8.0888289498e-01   9.9859660273e+00   5.3057155220e+00
2.3727272727e+00   -1.4587162457e+00   8.0813388350e-01   9.9576930815e+00   5.3078387980e+00
2.3757575758e+00   -1.4560830740e+00   8.0713209311e-01   9.8860880516e+00   5.2835492726e+00
2.3787878788e+00   -1.4519516497e+00   8.0544873342e-01   9.7834446373e+00   5.2621157468e+00
2.3818181818e+00   -1.4494662500e+00   8.0434811395e-01   9.7838423974e+00   5.2640943077e+00
2.3848484848e+00   -1.4461302679e+00   8.0292167177e-01   9.7267214005e+00   5.2534995480e+00
2.3878787879e+00   -1.4439671003e+00   8.0211714328e-01   9.7150808005e+00   5.2648969398e+00
2.3909090909e+00   -1.4410139490e+00   8.0083139711e-01   9.6874038398e+00   5.2596557901e+00
2.3939393939e+00   -1.4391149481e+00   8.0001260927e-01   9.6664823260e+00   5.2584891997e+00
2.3969696970e+00   -1.4377646037e+00   7.9951058759e-01   9.6151564864e+00   5.2358948300e+00
2.4000000000e+00   -1.4339898946e+00   7.9802747959e-01   9.4399025310e+00   5.1583532359e+00
