2.100000e+00   -1.657566e+00   8.552739e-01   1.246540e+00   2.683462e+00
2.104167e+00   -1.661601e+00   8.659047e-01   1.187692e+00   2.193256e+00
2.108333e+00   -1.656254e+00   8.635642e-01   1.262475e+00   1.984870e+00
2.112500e+00   -1.655412e+00   8.664874e-01   7.966129e-01   6.091901e-01
2.116667e+00   -1.650166e+00   8.634993e-01   8.051766e-01   6.269840e-01
2.120833e+00   -1.643799e+00   8.577402e-01   1.050115e+00   1.397023e+00
2.125000e+00   -1.637403e+00   8.527958e-01   1.267135e+00   2.133172e+00
2.129167e+00   -1.636831e+00   8.532290e-01   1.251844e+00   2.081870e+00
2.133333e+00   -1.626386e+00   8.414251e-01   1.224388e+00   2.094130e+00
2.137500e+00   -1.623427e+00   8.408283e-01   1.093950e+00   1.500044e+00
2.141667e+00   -1.621983e+00   8.424726e-01   1.002484e+00   1.575882e+00
2.145833e+00   -1.611466e+00   8.257650e-01   9.910723e-01   1.649010e+00
2.150000e+00   -1.608305e+00   8.263735e-01   1.179597e+00   2.735274e+00
2.154167e+00   -1.606292e+00   8.302111e-01   1.232543e+00   2.040769e+00
2.158333e+00   -1.603946e+00   8.325493e-01   1.208946e+00   1.549075e+00
2.162500e+00   -1.602013e+00   8.324730e-01   1.321409e+00   1.694153e+00
2.166667e+00   -1.597886e+00   8.315415e-01   1.253244e+00   1.645320e+00
2.170833e+00   -1.597279e+00   8.329762e-01   1.095976e+00   1.196049e+00
2.175000e+00   -1.594097e+00   8.315021e-01   1.079453e+00   1.192759e+00
2.179167e+00   -1.591423e+00   8.318152e-01   9.634406e-01   1.047042e+00
2.183333e+00   -1.585632e+00   8.275588e-01   9.879676e-01   1.085899e+00
2.187500e+00   -1.577804e+00   8.202295e-01   1.265747e+00   1.622729e+00
2.191667e+00   -1.574610e+00   8.189260e-01   1.001836e+00   8.718630e-01
2.195833e+00   -1.571275e+00   8.172472e-01   1.005324e+00   1.167178e+00
2.200000e+00   -1.567254e+00   8.151649e-01   1.202648e+00   1.457527e+00
2.100000e+00   -1.657566e+00   8.552739e-01   1.246540e+00   2.683462e+00
2.106122e+00   -1.658075e+00   8.638691e-01   1.334597e+00   2.390080e+00
2.112245e+00   -1.655629e+00   8.665512e-01   7.966393e-01   6.088466e-01
2.118367e+00   -1.644573e+00   8.575644e-01   9.856769e-01   1.247626e+00
2.124490e+00   -1.638352e+00   8.526114e-01   1.246781e+00   2.345532e+00
2.130612e+00   -1.635072e+00   8.520536e-01   1.093993e+00   1.659478e+00
2.136735e+00   -1.624007e+00   8.409139e-01   1.055969e+00   1.403331e+00
2.142857e+00   -1.620540e+00   8.415039e-01   1.015830e+00   1.607833e+00
2.148980e+00   -1.610011e+00   8.267580e-01   8.892022e-01   1.315620e+00
2.155102e+00   -1.606059e+00   8.304921e-01   1.227540e+00   1.966833e+00
2.161224e+00   -1.595195e+00   8.212561e-01   1.292419e+00   1.970805e+00
2.167347e+00   -1.600699e+00   8.350863e-01   1.219097e+00   1.565674e+00
2.173469e+00   -1.594935e+00   8.315279e-01   1.059997e+00   1.146352e+00
2.179592e+00   -1.591149e+00   8.317700e-01   9.400873e-01   1.024435e+00
2.185714e+00   -1.579021e+00   8.210067e-01   1.093983e+00   1.236449e+00
2.191837e+00   -1.574493e+00   8.188765e-01   1.004800e+00   8.711239e-01
2.197959e+00   -1.568968e+00   8.155785e-01   1.103149e+00   1.320754e+00
2.204082e+00   -1.558533e+00   8.044894e-01   1.167177e+00   1.231703e+00
2.210204e+00   -1.559217e+00   8.127103e-01   1.162102e+00   1.580298e+00
2.216327e+00   -1.541139e+00   7.970526e-01   1.406534e+00   1.667948e+00
2.222449e+00   -1.512434e+00   7.480778e-01   1.932013e+00   8.403860e+00
2.228571e+00   -1.500187e+00   7.231072e-01   1.334104e+00   3.671121e+00
2.234694e+00   -1.503105e+00   7.401934e-01   1.785843e+00   4.806621e+00
2.240816e+00   -1.501445e+00   7.554680e-01   1.224054e+00   2.443390e+00
2.246939e+00   -1.463970e+00   6.821299e-01   1.771102e+00   4.841629e+00
2.253061e+00   -1.481134e+00   7.412856e-01   1.020236e+00   1.117422e+00
2.259184e+00   -1.473339e+00   7.377527e-01   1.590021e+00   3.944279e+00
2.265306e+00   -1.458764e+00   7.085977e-01   1.536560e+00   6.113145e+00
2.271429e+00   -1.449119e+00   7.030490e-01   2.025218e+00   8.106104e+00
2.277551e+00   -1.438976e+00   6.810363e-01   1.678015e+00   3.315123e+00
2.283673e+00   -1.415837e+00   6.258666e-01   1.372128e+00   8.906532e+00
2.289796e+00   -1.397010e+00   6.175354e-01   1.402231e+00   2.269533e+00
2.295918e+00   -1.373648e+00   5.573698e-01   1.568230e+00   3.106056e+00
2.302041e+00   -1.377605e+00   5.319325e-01   1.052864e+00   2.847243e+00
2.308163e+00   -1.355170e+00   5.170171e-01   8.327866e-01   7.653692e+00
2.314286e+00   -1.342308e+00   4.891370e-01   1.764102e+00   1.909313e+01
2.320408e+00   -1.374040e+00   6.100301e-01   1.259359e+00   1.042786e+01
2.326531e+00   -1.332051e+00   4.903995e-01   1.383556e+00   2.074797e+01
2.332653e+00   -1.332249e+00   5.297881e-01   1.644166e+00   4.345594e+00
2.338776e+00   -1.327246e+00   5.275816e-01   1.042487e+00   3.921398e+00
2.344898e+00   -1.310117e+00   4.483096e-01   1.206890e+00   3.947228e+00
2.351020e+00   -1.281743e+00   2.684555e-01   1.069448e+00   1.742139e+01
2.357143e+00   -1.271877e+00   2.967138e-01   2.249993e+00   3.513032e+01
2.363265e+00   -1.261036e+00   3.113196e-01   1.230558e+00   3.725694e+00
2.369388e+00   -1.260538e+00   3.594303e-01   6.793724e-01   2.816948e+00
2.375510e+00   -1.250603e+00   3.345229e-01   1.164276e+00   9.231118e+00
2.381633e+00   -1.265777e+00   4.109352e-01   2.739380e+00   8.941527e+00
2.387755e+00   -1.235254e+00   3.257016e-01   9.253010e-01   1.568589e+01
2.393878e+00   -1.239808e+00   2.959857e-01   1.952045e+00   2.144521e+01
2.400000e+00   -1.216499e+00   2.644178e-01   9.895037e-01   1.033301e+01
2.100000e+00   -1.657566e+00   8.552739e-01   1.246540e+00   2.683462e+00
2.112500e+00   -1.655412e+00   8.664874e-01   7.966129e-01   6.091901e-01
2.125000e+00   -1.637403e+00   8.527958e-01   1.267135e+00   2.133172e+00
2.137500e+00   -1.623427e+00   8.408283e-01   1.093950e+00   1.500044e+00
2.150000e+00   -1.608305e+00   8.263735e-01   1.179597e+00   2.735274e+00
2.162500e+00   -1.602013e+00   8.324730e-01   1.321409e+00   1.694153e+00
2.175000e+00   -1.594097e+00   8.315021e-01   1.079453e+00   1.192759e+00
2.187500e+00   -1.577804e+00   8.202295e-01   1.265747e+00   1.622729e+00
2.200000e+00   -1.567254e+00   8.151649e-01   1.202648e+00   1.457527e+00
2.212500e+00   -1.539419e+00   7.843768e-01   1.272212e+00   1.545860e+00
2.225000e+00   -1.512993e+00   7.580558e-01   2.023139e+00   6.093684e+00
2.237500e+00   -1.501407e+00   7.528973e-01   1.685174e+00   3.374472e+00
2.250000e+00   -1.473106e+00   7.168101e-01   1.171205e+00   2.306796e+00
2.262500e+00   -1.441341e+00   6.670900e-01   1.626478e+00   4.211469e+00
2.275000e+00   -1.426192e+00   6.592223e-01   1.008089e+00   1.375479e+00
2.287500e+00   -1.407442e+00   6.196914e-01   1.594050e+00   7.485957e+00
2.300000e+00   -1.379729e+00   5.277836e-01   8.038695e-01   1.142353e+01
2.312500e+00   -1.359534e+00   5.476920e-01   1.119304e+00   1.165564e+01
2.325000e+00   -1.331117e+00   5.133061e-01   1.480001e+00   2.065725e+01
2.337500e+00   -1.319565e+00   4.964972e-01   9.421405e-01   2.016355e+00
2.350000e+00   -1.298097e+00   4.256330e-01   1.400504e+00   2.788705e+00
2.362500e+00   -1.282130e+00   4.353491e-01   2.613348e+00   8.728122e+00
2.375000e+00   -1.257613e+00   3.479034e-01   8.974019e-01   9.205353e+00
2.387500e+00   -1.246288e+00   4.121880e-01   1.125947e+00   3.861036e+00
2.400000e+00   -1.216499e+00   2.644178e-01   9.895037e-01   1.033301e+01
