2.100000e+00   -1.656536e+00   8.659282e-01   9.874216e-01   8.800124e-01
2.104167e+00   -1.651830e+00   8.629452e-01   1.005078e+00   9.220969e-01
2.108333e+00   -1.647731e+00   8.606834e-01   1.063973e+00   1.001985e+00
2.112500e+00   -1.643414e+00   8.569884e-01   1.058798e+00   1.043384e+00
2.116667e+00   -1.641547e+00   8.573807e-01   1.028142e+00   9.808326e-01
2.120833e+00   -1.637390e+00   8.548793e-01   1.070814e+00   1.067688e+00
2.125000e+00   -1.634643e+00   8.539673e-01   1.014081e+00   9.879915e-01
2.129167e+00   -1.628439e+00   8.493620e-01   1.030610e+00   1.053160e+00
2.133333e+00   -1.628822e+00   8.522623e-01   1.013796e+00   8.927709e-01
2.137500e+00   -1.622216e+00   8.472332e-01   1.038637e+00   9.501734e-01
2.141667e+00   -1.617378e+00   8.438574e-01   1.034091e+00   1.003396e+00
2.145833e+00   -1.612099e+00   8.402733e-01   1.038761e+00   1.042776e+00
2.150000e+00   -1.607503e+00   8.379646e-01   1.047790e+00   1.013899e+00
2.154167e+00   -1.596829e+00   8.260629e-01   1.150260e+00   1.761422e+00
2.158333e+00   -1.596035e+00   8.300324e-01   1.151503e+00   1.366094e+00
2.162500e+00   -1.590699e+00   8.270504e-01   1.061130e+00   1.206963e+00
2.166667e+00   -1.573633e+00   8.033877e-01   1.233385e+00   2.005550e+00
2.170833e+00   -1.578919e+00   8.138266e-01   1.198908e+00   1.973281e+00
2.175000e+00   -1.578561e+00   8.196579e-01   1.197951e+00   1.462639e+00
2.179167e+00   -1.575835e+00   8.183730e-01   1.175715e+00   1.459230e+00
2.183333e+00   -1.573811e+00   8.192455e-01   1.105524e+00   1.158226e+00
2.187500e+00   -1.560101e+00   7.998176e-01   1.207245e+00   2.198930e+00
2.191667e+00   -1.553704e+00   7.934114e-01   1.285394e+00   2.486354e+00
2.195833e+00   -1.547212e+00   7.892400e-01   1.311734e+00   2.384905e+00
2.200000e+00   -1.543298e+00   7.831346e-01   1.322119e+00   2.824532e+00
2.200000e+00   -1.543298e+00   7.831346e-01   1.322119e+00   2.824532e+00
2.202041e+00   -1.539797e+00   7.811174e-01   1.340114e+00   2.858099e+00
2.204082e+00   -1.536543e+00   7.698270e-01   1.419118e+00   5.740420e+00
2.206122e+00   -1.512103e+00   7.295884e-01   1.717147e+00   7.721933e+00
2.208163e+00   -1.524844e+00   7.574493e-01   1.451757e+00   3.867248e+00
2.210204e+00   -1.527690e+00   7.644695e-01   1.402416e+00   3.545467e+00
2.212245e+00   -1.537809e+00   7.825441e-01   1.261254e+00   3.348626e+00
2.214286e+00   -1.531472e+00   7.745618e-01   1.315807e+00   3.451141e+00
2.216327e+00   -1.530202e+00   7.761648e-01   1.246080e+00   3.044914e+00
2.218367e+00   -1.527155e+00   7.777240e-01   1.338668e+00   2.785693e+00
2.220408e+00   -1.507401e+00   7.428594e-01   1.466241e+00   4.657132e+00
2.222449e+00   -1.516149e+00   7.615327e-01   1.392275e+00   4.181097e+00
2.224490e+00   -1.414839e+00   3.439645e-01   1.726282e+00   4.470381e+01
2.226531e+00   -1.476113e+00   6.508068e-01   2.081610e+00   2.821761e+01
2.228571e+00   -1.512368e+00   7.639814e-01   1.384716e+00   3.993211e+00
2.230612e+00   -1.504799e+00   7.499683e-01   1.664948e+00   6.513373e+00
2.232653e+00   -1.510636e+00   7.713890e-01   1.176052e+00   2.156072e+00
2.234694e+00   -1.397739e+00   3.954217e-01   1.742449e+00   2.771784e+01
2.236735e+00   -1.487416e+00   7.316641e-01   1.340059e+00   4.130889e+00
2.238776e+00   -1.496770e+00   7.495006e-01   1.234099e+00   2.878988e+00
2.240816e+00   -1.499643e+00   7.588457e-01   1.278321e+00   3.401530e+00
2.242857e+00   -1.496783e+00   7.564614e-01   1.324183e+00   3.961210e+00
2.244898e+00   -1.495319e+00   7.562450e-01   1.297679e+00   4.175076e+00
2.246939e+00   -1.414527e+00   5.149075e-01   3.255867e+00   5.383812e+01
2.248980e+00   -1.476607e+00   7.278135e-01   1.443952e+00   4.771656e+00
2.251020e+00   -1.382650e+00   3.668874e-01   1.551199e+00   3.376500e+01
2.253061e+00   -1.436713e+00   6.475169e-01   1.887049e+00   1.136458e+01
2.255102e+00   -1.460245e+00   7.028249e-01   1.226316e+00   4.617499e+00
2.257143e+00   -1.447915e+00   6.755789e-01   1.406010e+00   8.280645e+00
2.259184e+00   -1.460022e+00   7.099128e-01   1.331777e+00   5.558285e+00
2.261224e+00   -1.451318e+00   6.858040e-01   1.274114e+00   5.650034e+00
2.263265e+00   -1.424227e+00   6.451758e-01   1.940414e+00   1.066585e+01
2.265306e+00   -1.380852e+00   4.230515e-01   2.687578e+00   5.055964e+01
2.267347e+00   -1.430553e+00   6.675450e-01   1.419739e+00   6.090215e+00
2.269388e+00   -1.437819e+00   6.810702e-01   1.224111e+00   4.173913e+00
2.271429e+00   -1.449601e+00   7.065056e-01   1.495231e+00   5.271682e+00
2.273469e+00   -1.436594e+00   6.743619e-01   1.481573e+00   6.034294e+00
2.275510e+00   -1.436855e+00   6.741962e-01   1.849256e+00   1.105506e+01
2.277551e+00   -1.439755e+00   6.967017e-01   1.432446e+00   6.015396e+00
2.279592e+00   -1.421189e+00   6.617992e-01   1.869650e+00   9.886847e+00
2.281633e+00   -1.407649e+00   6.126689e-01   1.893230e+00   1.319862e+01
2.283673e+00   -1.380656e+00   5.241490e-01   2.229262e+00   2.880953e+01
2.285714e+00   -1.407777e+00   6.152876e-01   1.772370e+00   1.454070e+01
2.287755e+00   -1.380543e+00   5.813416e-01   2.020466e+00   1.333708e+01
2.289796e+00   -1.414046e+00   6.570159e-01   1.406197e+00   7.766387e+00
2.291837e+00   -1.408561e+00   6.630423e-01   1.296024e+00   4.369626e+00
2.293878e+00   -1.408070e+00   6.597301e-01   1.424187e+00   5.309654e+00
2.295918e+00   -1.350473e+00   4.050445e-01   1.688409e+00   4.348022e+01
2.297959e+00   -1.366442e+00   4.897499e-01   2.763300e+00   4.725147e+01
2.300000e+00   -1.395595e+00   6.354907e-01   1.692079e+00   8.869208e+00
2.300000e+00   -1.395595e+00   6.354907e-01   1.692079e+00   8.869208e+00
2.304167e+00   -1.377026e+00   5.968440e-01   1.370298e+00   8.500745e+00
2.308333e+00   -1.355663e+00   5.509362e-01   1.254731e+00   8.388263e+00
2.312500e+00   -1.369224e+00   5.866347e-01   1.444692e+00   9.139533e+00
2.316667e+00   -1.279961e+00   1.602719e-01   1.161003e+00   8.109802e+00
2.320833e+00   -1.354027e+00   5.912600e-01   1.391658e+00   5.817919e+00
2.325000e+00   -1.314379e+00   4.170259e-01   1.501202e+00   3.177758e+01
2.329167e+00   -1.287126e+00   3.307890e-01   1.564630e+00   2.648822e+01
2.333333e+00   -1.274490e+00   3.101725e-01   1.644983e+00   2.565561e+01
2.337500e+00   -1.254349e+00   2.597975e-01   1.093687e+00   1.676040e+01
2.341667e+00   -1.304470e+00   3.922195e-01   1.648646e+00   3.577712e+01
2.345833e+00   -1.293140e+00   4.240661e-01   1.519474e+00   2.690921e+01
2.350000e+00   -1.276175e+00   3.295043e-01   1.535594e+00   3.334849e+01
2.354167e+00   -1.290905e+00   4.352805e-01   1.428157e+00   2.343833e+01
2.358333e+00   -1.298686e+00   4.827445e-01   1.443823e+00   1.688110e+01
2.362500e+00   -1.293932e+00   4.689943e-01   1.642032e+00   2.372769e+01
2.366667e+00   -1.273913e+00   3.572820e-01   1.259125e+00   2.800399e+01
2.370833e+00   -1.237853e+00   3.309749e-01   1.138803e+00   1.376798e+01
2.375000e+00   -1.234948e+00   2.716010e-01   9.919127e-01   1.575388e+01
2.379167e+00   -1.232999e+00   3.065296e-01   1.247783e+00   1.947208e+01
2.383333e+00   -1.222997e+00   2.249754e-01   9.265233e-01   9.569519e+00
2.387500e+00   -1.224768e+00   3.490807e-01   1.356394e+00   1.624629e+01
2.391667e+00   -1.211307e+00   2.361790e-01   1.835603e+00   2.777845e+01
2.395833e+00   -1.222206e+00   2.759098e-01   1.196292e+00   2.081847e+01
2.400000e+00   -1.188320e+00   1.803902e-01   9.924955e-01   9.030816e+00
