2.100000e+00   -1.649369e+00   8.398200e-01   1.208734e+00   3.810346e+00
2.104167e+00   -1.630093e+00   8.109369e-01   1.237254e+00   3.306457e+00
2.108333e+00   -1.651731e+00   8.592798e-01   9.120637e-01   7.728150e-01
2.112500e+00   -1.648674e+00   8.589199e-01   9.441238e-01   6.923808e-01
2.116667e+00   -1.646318e+00   8.586573e-01   9.208956e-01   6.567703e-01
2.120833e+00   -1.640740e+00   8.507899e-01   9.840120e-01   9.470563e-01
2.125000e+00   -1.631972e+00   8.409431e-01   1.057879e+00   9.874918e-01
2.129167e+00   -1.633453e+00   8.477000e-01   9.612786e-01   8.498428e-01
2.133333e+00   -1.636843e+00   8.582041e-01   1.130368e+00   1.018736e+00
2.137500e+00   -1.632743e+00   8.539526e-01   1.060350e+00   9.206188e-01
2.141667e+00   -1.631833e+00   8.566470e-01   1.108585e+00   9.519248e-01
2.145833e+00   -1.627008e+00   8.539080e-01   1.097263e+00   8.634794e-01
2.150000e+00   -1.623776e+00   8.523006e-01   1.090704e+00   8.185566e-01
2.154167e+00   -1.616848e+00   8.464107e-01   1.143833e+00   9.614209e-01
2.158333e+00   -1.604462e+00   8.325440e-01   1.060439e+00   9.465176e-01
2.162500e+00   -1.606101e+00   8.385838e-01   1.127756e+00   9.849920e-01
2.166667e+00   -1.598494e+00   8.306808e-01   1.093426e+00   1.107221e+00
2.170833e+00   -1.582775e+00   8.100344e-01   1.151585e+00   1.040630e+00
2.175000e+00   -1.588354e+00   8.241431e-01   1.108240e+00   9.298080e-01
2.179167e+00   -1.587296e+00   8.270108e-01   1.082409e+00   8.664439e-01
2.183333e+00   -1.587542e+00   8.311910e-01   1.288867e+00   1.109054e+00
2.187500e+00   -1.583207e+00   8.287313e-01   1.324253e+00   1.247608e+00
2.191667e+00   -1.577528e+00   8.249593e-01   1.243636e+00   1.077002e+00
2.195833e+00   -1.570916e+00   8.172883e-01   1.305309e+00   2.063411e+00
2.200000e+00   -1.568972e+00   8.192913e-01   1.219910e+00   1.042453e+00
2.200000e+00   -1.568972e+00   8.192913e-01   1.219910e+00   1.042453e+00
2.202041e+00   -1.564904e+00   8.146984e-01   1.308314e+00   1.569189e+00
2.204082e+00   -1.559916e+00   8.084997e-01   1.212804e+00   1.437942e+00
2.206122e+00   -1.556245e+00   8.054602e-01   1.183701e+00   1.370134e+00
2.208163e+00   -1.554520e+00   8.053500e-01   1.193659e+00   1.225243e+00
2.210204e+00   -1.551991e+00   8.041196e-01   1.289246e+00   1.354351e+00
2.212245e+00   -1.542832e+00   7.928273e-01   1.102300e+00   1.365428e+00
2.214286e+00   -1.532756e+00   7.739145e-01   9.811090e-01   1.108023e+00
2.216327e+00   -1.528995e+00   7.733688e-01   9.903270e-01   1.189385e+00
2.218367e+00   -1.529586e+00   7.796477e-01   1.100985e+00   1.716605e+00
2.220408e+00   -1.520699e+00   7.652780e-01   1.042646e+00   1.446945e+00
2.222449e+00   -1.516784e+00   7.375210e-01   1.140187e+00   1.698760e+00
2.224490e+00   -1.531046e+00   7.868251e-01   1.143921e+00   1.713941e+00
2.226531e+00   -1.525805e+00   7.822297e-01   1.099749e+00   1.845658e+00
2.228571e+00   -1.501711e+00   7.338346e-01   1.085451e+00   3.348921e+00
2.230612e+00   -1.505411e+00   7.548026e-01   1.493855e+00   3.168091e+00
2.232653e+00   -1.512790e+00   7.656447e-01   1.462189e+00   3.129787e+00
2.234694e+00   -1.493116e+00   7.194390e-01   1.612102e+00   4.595292e+00
2.236735e+00   -1.493664e+00   7.402359e-01   1.463670e+00   3.485381e+00
2.238776e+00   -1.489119e+00   7.300184e-01   1.529805e+00   3.065862e+00
2.240816e+00   -1.490055e+00   7.379125e-01   1.223812e+00   2.482916e+00
2.242857e+00   -1.500548e+00   7.598824e-01   1.237895e+00   1.725414e+00
2.244898e+00   -1.500104e+00   7.610322e-01   1.266905e+00   1.655383e+00
2.246939e+00   -1.496487e+00   7.527321e-01   1.726905e+00   4.371840e+00
2.248980e+00   -1.488540e+00   7.408168e-01   1.541968e+00   4.181726e+00
2.251020e+00   -1.481896e+00   7.382098e-01   1.331036e+00   2.358512e+00
2.253061e+00   -1.484808e+00   7.486762e-01   1.326073e+00   2.082517e+00
2.255102e+00   -1.486934e+00   7.556356e-01   1.444592e+00   2.349297e+00
2.257143e+00   -1.483018e+00   7.473215e-01   1.281892e+00   2.624486e+00
2.259184e+00   -1.474372e+00   7.327123e-01   1.258467e+00   2.354725e+00
2.261224e+00   -1.478383e+00   7.455227e-01   1.345456e+00   2.678699e+00
2.263265e+00   -1.417064e+00   4.977787e-01   1.154360e+00   3.657275e+00
2.265306e+00   -1.455710e+00   6.974710e-01   1.982621e+00   1.254766e+01
2.267347e+00   -1.452204e+00   7.061921e-01   1.468884e+00   4.651440e+00
2.269388e+00   -1.431841e+00   6.419849e-01   1.627670e+00   5.507026e+00
2.271429e+00   -1.431158e+00   6.324295e-01   1.153580e+00   4.321726e+00
2.273469e+00   -1.429881e+00   6.501935e-01   1.159615e+00   3.628911e+00
2.275510e+00   -1.406614e+00   5.301061e-01   1.162271e+00   4.738015e+00
2.277551e+00   -1.398854e+00   5.369603e-01   1.009934e+00   3.954706e+00
2.279592e+00   -1.408039e+00   5.931743e-01   1.135307e+00   2.390925e+00
2.281633e+00   -1.389396e+00   5.820510e-01   1.199692e+00   3.219971e+00
2.283673e+00   -1.427422e+00   6.721104e-01   1.023194e+00   2.991424e+00
2.285714e+00   -1.442557e+00   7.069643e-01   1.811565e+00   6.495323e+00
2.287755e+00   -1.414901e+00   6.489540e-01   1.153107e+00   2.656740e+00
2.289796e+00   -1.419992e+00   6.704270e-01   1.431015e+00   4.892208e+00
2.291837e+00   -1.367792e+00   4.535497e-01   1.326352e+00   3.279040e+01
2.293878e+00   -1.428820e+00   7.000588e-01   1.341381e+00   3.673366e+00
2.295918e+00   -1.399426e+00   6.122602e-01   1.396184e+00   1.357066e+01
2.297959e+00   -1.353342e+00   4.444090e-01   9.100595e-01   8.167067e+00
2.300000e+00   -1.359535e+00   4.421460e-01   1.464152e+00   1.741217e+01
2.300000e+00   -1.359535e+00   4.421460e-01   1.464152e+00   1.741217e+01
2.304167e+00   -1.386207e+00   5.913289e-01   1.961760e+00   1.517254e+01
2.308333e+00   -1.315668e+00   3.111857e-01   1.008559e+00   4.059969e+00
2.312500e+00   -1.336206e+00   4.253225e-01   1.704967e+00   1.320749e+01
2.316667e+00   -1.328834e+00   3.704916e-01   1.002249e+00   3.775832e+00
2.320833e+00   -1.360428e+00   5.351578e-01   1.082037e+00   8.280356e+00
2.325000e+00   -1.291660e+00   3.375771e-01   1.150287e+00   2.515067e+01
2.329167e+00   -1.316797e+00   4.550502e-01   1.284179e+00   5.270301e+00
2.333333e+00   -1.293528e+00   3.474713e-01   1.361818e+00   1.251661e+01
2.337500e+00   -1.309675e+00   4.575329e-01   1.049870e+00   1.260328e+01
2.341667e+00   -1.289052e+00   3.509230e-01   1.048721e+00   7.705280e+00
2.345833e+00   -1.281504e+00   3.130312e-01   1.018962e+00   8.670018e+00
2.350000e+00   -1.264546e+00   3.059953e-01   9.527394e-01   5.413925e+01
2.354167e+00   -1.278044e+00   4.510107e-01   9.698672e-01   7.206941e+00
2.358333e+00   -1.282067e+00   3.759505e-01   1.433314e+00   1.326089e+01
2.362500e+00   -1.272400e+00   4.252001e-01   1.560248e+00   1.396786e+01
2.366667e+00   -1.254086e+00   2.899554e-01   1.193389e+00   5.043915e+00
2.370833e+00   -1.240741e+00   1.088065e-01   1.087788e+00   7.407856e+00
2.375000e+00   -1.262684e+00   4.195048e-01   9.158621e-01   4.368065e+00
2.379167e+00   -1.224253e+00   1.695168e-01   9.508239e-01   1.009801e+01
2.383333e+00   -1.224804e+00   6.664708e-02   8.935969e-01   3.900640e+00
2.387500e+00   -1.229698e+00   1.324104e-01   1.066298e+00   2.334094e+00
2.391667e+00   -1.211418e+00   7.903128e-02   1.415886e+00   9.068550e+00
2.395833e+00   -1.218575e+00   1.571724e-01   7.275186e-01   8.192206e+00
2.400000e+00   -1.194980e+00   1.378244e-01   7.788811e-01   7.975630e+00
